"DESCRIPTION","DURATION IN MS","NAME","PARENT SUITE","START TIME","STATUS","STOP TIME","SUB SUITE","SUITE","TEST CLASS","TEST METHOD"
"","0","returns yellow for >2.5s and <=4s","webVitalsUtils","Wed Oct 29 03:52:23 UTC 2025","passed","Wed Oct 29 03:52:23 UTC 2025","","progressBarLcpColor","",""
"","4","Middleware - matchFilterCheck","@withstudiocms/effect Package Tests","Wed Oct 29 03:52:35 UTC 2025","passed","Wed Oct 29 03:52:35 UTC 2025","matchFilterCheck Tests","Middleware Utility Tests","",""
"","0","should create path builder function","pathGenerator utilities","Wed Oct 29 03:52:50 UTC 2025","passed","Wed Oct 29 03:52:50 UTC 2025","","pathGenerator","",""
"","1297","SMTPService - Verify Transport with Valid Config","@withstudiocms/effect Package Tests","Wed Oct 29 03:52:21 UTC 2025","passed","Wed Oct 29 03:52:22 UTC 2025","SMTPService Transport Verification Tests","SMTP Service Tests","",""
"","1","should create a plugin with StudioCMS flavor options","studiocmsMD","Wed Oct 29 03:52:19 UTC 2025","passed","Wed Oct 29 03:52:19 UTC 2025","","plugin creation","",""
"","1","should not dispatch toggle-app event when clicking inside astro-dev-toolbar","app-utils","Wed Oct 29 03:52:33 UTC 2025","passed","Wed Oct 29 03:52:33 UTC 2025","","closeOnOutsideClick","",""
"","2","decodes a base64url-encoded string to its original value","base64UrlDecode","Wed Oct 29 03:52:47 UTC 2025","passed","Wed Oct 29 03:52:47 UTC 2025","","","",""
"","0","User Utility - parseRequiredPerms","@withstudiocms/auth-kit Package Tests","Wed Oct 29 03:52:40 UTC 2025","passed","Wed Oct 29 03:52:40 UTC 2025","parseRequiredPerms Tests","User Utility Tests","",""
"","0","stripLeadingSlash removes leading slash","@withstudiocms/internal_helpers Package Tests","Wed Oct 29 03:52:25 UTC 2025","passed","Wed Oct 29 03:52:25 UTC 2025","stripLeadingSlash removes leading slash","Path Generators Tests","",""
"","0","should validate final dashboard base schema","FinalDashboardBaseSchema","Wed Oct 29 03:52:36 UTC 2025","passed","Wed Oct 29 03:52:36 UTC 2025","","","",""
"","0","should not have other hooks","@studiocms/discord","Wed Oct 29 03:52:36 UTC 2025","passed","Wed Oct 29 03:52:36 UTC 2025","","hook implementation","",""
"","0","should provide default empty object when empty object provided","HTMLSchema","Wed Oct 29 03:52:58 UTC 2025","passed","Wed Oct 29 03:52:58 UTC 2025","","default values","",""
"","0","Middleware - handlerFilter","@withstudiocms/effect Package Tests","Wed Oct 29 03:52:35 UTC 2025","passed","Wed Oct 29 03:52:35 UTC 2025","handlerFilter Tests","Middleware Utility Tests","",""
"","1","should have the correct hooks defined","@studiocms/discord","Wed Oct 29 03:52:36 UTC 2025","passed","Wed Oct 29 03:52:36 UTC 2025","","hooks","",""
"","0","should combine base and path correctly","pathGenerator utilities","Wed Oct 29 03:52:50 UTC 2025","passed","Wed Oct 29 03:52:50 UTC 2025","","pathWithBase","",""
"","0","makeNonDashboardRoute returns a string","routeMap","Wed Oct 29 03:52:35 UTC 2025","passed","Wed Oct 29 03:52:35 UTC 2025","","","",""
"","0","should return path unchanged if no leading slash","pathGenerator utilities","Wed Oct 29 03:52:50 UTC 2025","passed","Wed Oct 29 03:52:50 UTC 2025","","stripLeadingSlash","",""
"","9","Buildkit CLI - Dev command sets up watch","@withstudiocms/buildkit Package Tests","Wed Oct 29 03:52:37 UTC 2025","passed","Wed Oct 29 03:52:37 UTC 2025","Buildkit CLI - Dev command sets up watch","CLI Tests","",""
"","0","defaults to enabled true and default lifetime","SDKSchema","Wed Oct 29 03:52:44 UTC 2025","passed","Wed Oct 29 03:52:44 UTC 2025","","","",""
"","3","should export all expected template keys","defaultTemplates","Wed Oct 29 03:53:04 UTC 2025","passed","Wed Oct 29 03:53:04 UTC 2025","","","",""
"","0","decodeHTMLAttribute with input: x &lt y","@withstudiocms/component-registry Package Tests","Wed Oct 29 03:52:28 UTC 2025","passed","Wed Oct 29 03:52:28 UTC 2025","decodeHTMLAttribute Tests","Component Proxy Tests","",""
"","0","TemplateParser - Should handle duplicate variables","@withstudiocms/template-lang Package Tests","Wed Oct 29 03:52:16 UTC 2025","passed","Wed Oct 29 03:52:16 UTC 2025","TemplateParser - Should handle duplicate variables","TemplateParser Tests","",""
"","3","createRenderer returns identity function","WYSIWYG Partial Route","Wed Oct 29 03:52:59 UTC 2025","passed","Wed Oct 29 03:52:59 UTC 2025","","","",""
"","1","should throw if value is negative","RouteSummaryRowSchema","Wed Oct 29 03:52:51 UTC 2025","passed","Wed Oct 29 03:52:51 UTC 2025","","","",""
"","2","should create a plugin with custom options","studiocmsHTML","Wed Oct 29 03:52:35 UTC 2025","passed","Wed Oct 29 03:52:35 UTC 2025","","plugin creation","",""
"","1","Errors - toComponentProxyError - Basic Functionality","@withstudiocms/component-registry Package Tests","Wed Oct 29 03:52:36 UTC 2025","passed","Wed Oct 29 03:52:36 UTC 2025","toComponentProxyError Tests","Error Tests","",""
"","1","should call studiocms:config:setup hook with setRendering","studiocmsHTML","Wed Oct 29 03:52:35 UTC 2025","passed","Wed Oct 29 03:52:35 UTC 2025","","plugin hooks","",""
"","28","Editor handles various content types","Editor component","Wed Oct 29 03:52:32 UTC 2025","passed","Wed Oct 29 03:52:32 UTC 2025","","","",""
"","1","User Utility - getLevel","@withstudiocms/auth-kit Package Tests","Wed Oct 29 03:52:40 UTC 2025","passed","Wed Oct 29 03:52:40 UTC 2025","getLevel Tests","User Utility Tests","",""
"","0","TemplateEngine - Should remove duplicate variable names","@withstudiocms/template-lang Package Tests","Wed Oct 29 03:52:16 UTC 2025","passed","Wed Oct 29 03:52:16 UTC 2025","TemplateEngine - Should remove duplicate variable names","TemplateEngine Tests","",""
"","0","Libravatar Utils - sanitizedTarget","@withstudiocms/auth-kit Package Tests","Wed Oct 29 03:52:25 UTC 2025","passed","Wed Oct 29 03:52:25 UTC 2025","sanitizedTarget Tests","Libravatar Utility Tests","",""
"","1","should have the correct hooks defined","@studiocms/github","Wed Oct 29 03:52:37 UTC 2025","passed","Wed Oct 29 03:52:37 UTC 2025","","hooks","",""
"","0","decodeHTML (edge cases) with input: &lt;&gt;&amp;","@withstudiocms/component-registry Package Tests","Wed Oct 29 03:52:28 UTC 2025","passed","Wed Oct 29 03:52:28 UTC 2025","decodeHTML (edge cases) Tests","Component Proxy Tests","",""
"","3","render component with props","Components Container tests","Wed Oct 29 03:52:33 UTC 2025","passed","Wed Oct 29 03:52:33 UTC 2025","StaticAuthCheck component","Auth components","",""
"","0","returns { theme: ""vitepress"" } when opt is ""vitepress""","preRender","Wed Oct 29 03:52:55 UTC 2025","passed","Wed Oct 29 03:52:55 UTC 2025","","parseCallouts","",""
"","1","Buildkit CLI - help command with invalid command","@withstudiocms/buildkit Package Tests","Wed Oct 29 03:52:43 UTC 2025","passed","Wed Oct 29 03:52:43 UTC 2025","Buildkit CLI - help command with invalid command","CLI Tests","",""
"","1","error logs when verbose is false","@withstudiocms/internal_helpers Package Tests","Wed Oct 29 03:52:16 UTC 2025","passed","Wed Oct 29 03:52:16 UTC 2025","integrationLogger - error method","Astro Integration Utility Tests","",""
"","0","throws for host as number","generateHostContent","Wed Oct 29 03:52:28 UTC 2025","passed","Wed Oct 29 03:52:28 UTC 2025","","","",""
"","117","Password Module - verifyPasswordHash returns false for incorrect password","@withstudiocms/auth-kit Package Tests","Wed Oct 29 03:52:48 UTC 2025","passed","Wed Oct 29 03:52:48 UTC 2025","verifyPasswordHash Tests","Password Module Tests","",""
"","0","should create DownloadImageConfig with URL objects","WordPress API Configs","Wed Oct 29 03:52:23 UTC 2025","passed","Wed Oct 29 03:52:23 UTC 2025","","DownloadImageConfig","",""
"","0","Middleware - sortByPriority","@withstudiocms/effect Package Tests","Wed Oct 29 03:52:35 UTC 2025","passed","Wed Oct 29 03:52:35 UTC 2025","sortByPriority Tests","Middleware Utility Tests","",""
"","2","Buildkit CLI - build command with no entry points","@withstudiocms/buildkit Package Tests","Wed Oct 29 03:52:43 UTC 2025","passed","Wed Oct 29 03:52:43 UTC 2025","Buildkit CLI - build command with no entry points","CLI Tests","",""
"","0","VersionMapID should be ""__StudioCMS_Latest_Version""","StudioCMS SDK Constants","Wed Oct 29 03:53:09 UTC 2025","passed","Wed Oct 29 03:53:09 UTC 2025","","","",""
"","0","TemplateEngine - Should detect if template has no variables","@withstudiocms/template-lang Package Tests","Wed Oct 29 03:52:16 UTC 2025","passed","Wed Oct 29 03:52:16 UTC 2025","TemplateEngine - Should detect if template has no variables","TemplateEngine Tests","",""
"","1","should return the value of an existing query param","getUrlParam","Wed Oct 29 03:52:59 UTC 2025","passed","Wed Oct 29 03:52:59 UTC 2025","","","",""
"","0","ensureHtmlExtension adds .html if missing","@withstudiocms/internal_helpers Package Tests","Wed Oct 29 03:52:25 UTC 2025","passed","Wed Oct 29 03:52:25 UTC 2025","ensureHtmlExtension adds .html if missing","Path Generators Tests","",""
"","0","stripHtmlExtension removes .html extension","@withstudiocms/internal_helpers Package Tests","Wed Oct 29 03:52:25 UTC 2025","passed","Wed Oct 29 03:52:25 UTC 2025","stripHtmlExtension removes .html extension","Path Generators Tests","",""
"","0","type allows undefined","WYSIWYG Types and Schema","Wed Oct 29 03:52:36 UTC 2025","passed","Wed Oct 29 03:52:36 UTC 2025","","WYSIWYGSchemaOptions type","",""
"","3","User Module - getUserPasswordHash fails if user not found","@withstudiocms/auth-kit Package Tests","Wed Oct 29 03:52:21 UTC 2025","passed","Wed Oct 29 03:52:21 UTC 2025","getUserPasswordHash Tests","User Module Tests","",""
"","1","should handle StudioCMS flavor with callouts disabled","studiocmsMD","Wed Oct 29 03:52:19 UTC 2025","passed","Wed Oct 29 03:52:19 UTC 2025","","plugin creation","",""
"","0","returns multiple sitemap lines for array","generateSitemapContent","Wed Oct 29 03:52:28 UTC 2025","passed","Wed Oct 29 03:52:28 UTC 2025","","","",""
"","0","TemplateParser - Should handle variables with spaces","@withstudiocms/template-lang Package Tests","Wed Oct 29 03:52:16 UTC 2025","passed","Wed Oct 29 03:52:16 UTC 2025","TemplateParser - Should handle variables with spaces","TemplateParser Tests","",""
"","0","returns green for <=2.5s","webVitalsUtils","Wed Oct 29 03:52:23 UTC 2025","passed","Wed Oct 29 03:52:23 UTC 2025","","progressBarLcpColor","",""
"","0","should return false for a date older than 30 days","checkDate","Wed Oct 29 03:53:02 UTC 2025","passed","Wed Oct 29 03:53:02 UTC 2025","","","",""
"","0","handles /_server-islands with explicit English","i18n/server","Wed Oct 29 03:52:54 UTC 2025","passed","Wed Oct 29 03:52:54 UTC 2025","","getCurrentURLPath","",""
"","1","returns translation for given key and language","i18n/server","Wed Oct 29 03:52:54 UTC 2025","passed","Wed Oct 29 03:52:54 UTC 2025","","useTranslations","",""
"","3","Libravatar Utils - parseUserIdentity with input {""email"":""user@example.com""}","@withstudiocms/auth-kit Package Tests","Wed Oct 29 03:52:25 UTC 2025","passed","Wed Oct 29 03:52:25 UTC 2025","parseUserIdentity Tests","Libravatar Utility Tests","",""
"","0","skips metric groups with less than 4 items","processWebVitalsSummary","Wed Oct 29 03:52:49 UTC 2025","passed","Wed Oct 29 03:52:49 UTC 2025","","","",""
"","3","throws if host is not a string","validateHost","Wed Oct 29 03:52:28 UTC 2025","passed","Wed Oct 29 03:52:28 UTC 2025","","","",""
"","0","sorts descending when desc is true","sortByDate","Wed Oct 29 03:53:05 UTC 2025","passed","Wed Oct 29 03:53:05 UTC 2025","","","",""
"","0","handles strings with numbers","Utils","Wed Oct 29 03:52:44 UTC 2025","passed","Wed Oct 29 03:52:44 UTC 2025","","firstUpperCase","",""
"","1","getLatestVersion - Warns if cache read error is not ENOENT","@withstudiocms/internal_helpers Package Tests","Wed Oct 29 03:52:16 UTC 2025","passed","Wed Oct 29 03:52:16 UTC 2025","getLatestVersion - Warns if cache read error is not ENOENT","Astro Integration Utility Tests","",""
"","1","Utility - integrationLogger logs at error when verbose is true","@withstudiocms/component-registry Package Tests","Wed Oct 29 03:52:24 UTC 2025","passed","Wed Oct 29 03:52:24 UTC 2025","integrationLogger Tests","Utility Tests","",""
"","0","ensureLeadingAndTrailingSlashes adds both slashes","@withstudiocms/internal_helpers Package Tests","Wed Oct 29 03:52:24 UTC 2025","passed","Wed Oct 29 03:52:24 UTC 2025","ensureLeadingAndTrailingSlashes adds both slashes","Path Generators Tests","",""
"","3","renders markdown using StudioCMS processor for unknown flavor","preRender","Wed Oct 29 03:52:55 UTC 2025","passed","Wed Oct 29 03:52:55 UTC 2025","","","",""
"","5","should use defaults when no config is provided","FrontEndConfigSchema","Wed Oct 29 03:52:58 UTC 2025","passed","Wed Oct 29 03:52:58 UTC 2025","","","",""
"","0","stripLeadingAndTrailingSlashes removes both","@withstudiocms/internal_helpers Package Tests","Wed Oct 29 03:52:25 UTC 2025","passed","Wed Oct 29 03:52:25 UTC 2025","stripLeadingAndTrailingSlashes removes both","Path Generators Tests","",""
"","0","decodes base64url strings with URL-safe replacements","base64UrlDecode","Wed Oct 29 03:52:47 UTC 2025","passed","Wed Oct 29 03:52:47 UTC 2025","","","",""
"","0","decode - input: &lt;tag&gt;","@withstudiocms/component-registry Package Tests","Wed Oct 29 03:53:04 UTC 2025","passed","Wed Oct 29 03:53:04 UTC 2025","decode Tests","Component Proxy Tests","",""
"","3","should default allowUserRegistration to true","localUsernameAndPasswordConfig","Wed Oct 29 03:52:55 UTC 2025","passed","Wed Oct 29 03:52:55 UTC 2025","","","",""
"","3","updates input placeholder","updateElmPlaceholder","Wed Oct 29 03:53:14 UTC 2025","passed","Wed Oct 29 03:53:14 UTC 2025","","","",""
"","88","PageList renders correctly with blog posts","PageList component","Wed Oct 29 03:53:08 UTC 2025","passed","Wed Oct 29 03:53:08 UTC 2025","","","",""
"","2","does not render menu if shouldSkipRendering returns true","UserQuickTools custom element","Wed Oct 29 03:53:14 UTC 2025","passed","Wed Oct 29 03:53:14 UTC 2025","","","",""
"","1","merges security values without overwriting general/plugins","setLocals","Wed Oct 29 03:52:42 UTC 2025","passed","Wed Oct 29 03:52:42 UTC 2025","","","",""
"","21","appends the element to the DOM on initializeWhenReady","UserQuickTools custom element","Wed Oct 29 03:53:14 UTC 2025","passed","Wed Oct 29 03:53:14 UTC 2025","","","",""
"","0","Middleware - matchFilterCheck","@withstudiocms/effect Package Tests","Wed Oct 29 03:52:35 UTC 2025","passed","Wed Oct 29 03:52:35 UTC 2025","matchFilterCheck Tests","Middleware Utility Tests","",""
"","35","ComponentRegistry - registerComponentFromFile - custom name","@withstudiocms/component-registry Package Tests","Wed Oct 29 03:52:18 UTC 2025","passed","Wed Oct 29 03:52:18 UTC 2025","registerComponentFromFile Tests","Component Registry Tests","",""
"","4","TransformHTML Test Case","@withstudiocms/component-registry Package Tests","Wed Oct 29 03:52:34 UTC 2025","passed","Wed Oct 29 03:52:34 UTC 2025","transformHTML Tests","TransformHTML Tests","",""
"","0","handles strings with special characters","Utils","Wed Oct 29 03:52:44 UTC 2025","passed","Wed Oct 29 03:52:44 UTC 2025","","firstUpperCase","",""
"","0","should reject data without required fields","WordPress API Schema","Wed Oct 29 03:52:23 UTC 2025","passed","Wed Oct 29 03:52:23 UTC 2025","","RenderedProtectData","",""
"","35","User Module - getUserPasswordHash fails if user not found","@withstudiocms/auth-kit Package Tests","Wed Oct 29 03:52:21 UTC 2025","passed","Wed Oct 29 03:52:21 UTC 2025","getUserPasswordHash Tests","User Module Tests","",""
"","0","handles boolean true","SDKCacheSchema","Wed Oct 29 03:52:44 UTC 2025","passed","Wed Oct 29 03:52:44 UTC 2025","","","",""
"","0","makePasswordModConfig with CMS_ENCRYPTION_KEY=""AQEBAQEBAQEBAQEBAQEBAQ=="" returns valid config","@withstudiocms/auth-kit Package Tests","Wed Oct 29 03:52:26 UTC 2025","passed","Wed Oct 29 03:52:26 UTC 2025","makePasswordModConfig Tests","Config Tests","",""
"","0","toString should include the cause message","SDKCoreError","Wed Oct 29 03:53:08 UTC 2025","passed","Wed Oct 29 03:53:08 UTC 2025","","","",""
"","0","Utility - dedent correctly dedents input","@withstudiocms/component-registry Package Tests","Wed Oct 29 03:52:24 UTC 2025","passed","Wed Oct 29 03:52:24 UTC 2025","dedent Tests","Utility Tests","",""
"","0","should create ImportPostsEndpointConfig with default useBlogPkg","WordPress API Configs","Wed Oct 29 03:52:23 UTC 2025","passed","Wed Oct 29 03:52:23 UTC 2025","","ImportPostsEndpointConfig","",""
"","0","should export OAuth cookie names","consts.ts","Wed Oct 29 03:52:35 UTC 2025","passed","Wed Oct 29 03:52:35 UTC 2025","","","",""
"","5","AuthKitOptions - merges session config with defaults","@withstudiocms/auth-kit Package Tests","Wed Oct 29 03:52:26 UTC 2025","passed","Wed Oct 29 03:52:26 UTC 2025","AuthKitOptions Tests","Config Tests","",""
"","1","should validate a text input field","FieldSchema","Wed Oct 29 03:52:36 UTC 2025","passed","Wed Oct 29 03:52:36 UTC 2025","","","",""
"","0","Libravatar Utils - serviceName for domain ""null"" with https=true","@withstudiocms/auth-kit Package Tests","Wed Oct 29 03:52:25 UTC 2025","passed","Wed Oct 29 03:52:25 UTC 2025","serviceName Tests","Libravatar Utility Tests","",""
"","0","CheckIfUnsafe.password - should return true for password ""password""","@withstudiocms/auth-kit Package Tests","Wed Oct 29 03:53:05 UTC 2025","passed","Wed Oct 29 03:53:05 UTC 2025","CheckIfUnsafe.password Tests","CheckIfUnsafe Tests","",""
"","0","decodeHTML with input: foo &amp; bar","@withstudiocms/component-registry Package Tests","Wed Oct 29 03:52:28 UTC 2025","passed","Wed Oct 29 03:52:28 UTC 2025","decodeHTML Tests","Component Proxy Tests","",""
"","0","should set correct endpoint path","@studiocms/google","Wed Oct 29 03:52:37 UTC 2025","passed","Wed Oct 29 03:52:37 UTC 2025","","OAuth provider configuration","",""
"","1","getHookResults detects absence of hooks","StudioCMSPluginTester","Wed Oct 29 03:52:47 UTC 2025","passed","Wed Oct 29 03:52:47 UTC 2025","","","",""
"","0","fromCodePoint with input: 119558","@withstudiocms/component-registry Package Tests","Wed Oct 29 03:52:57 UTC 2025","passed","Wed Oct 29 03:52:57 UTC 2025","fromCodePoint Tests","Component Proxy Tests","",""
"","0","Middleware - handlerFilter","@withstudiocms/effect Package Tests","Wed Oct 29 03:52:35 UTC 2025","passed","Wed Oct 29 03:52:35 UTC 2025","handlerFilter Tests","Middleware Utility Tests","",""
"","1","Drizzle - TransactionContext has default implementation","@withstudiocms/effect Package Tests","Wed Oct 29 03:52:28 UTC 2025","passed","Wed Oct 29 03:52:28 UTC 2025","TransactionContext Tests","Drizzle Service Tests","",""
"","32","Editor with props","MDX Editor component","Wed Oct 29 03:52:45 UTC 2025","passed","Wed Oct 29 03:52:45 UTC 2025","","","",""
"","1","parses pageMetaData for single diffItem","SDKCore_Parsers","Wed Oct 29 03:52:45 UTC 2025","passed","Wed Oct 29 03:52:45 UTC 2025","","fixDiff","",""
"","1","should call studiocms:config:setup hook with setRendering","studiocmsMDX","Wed Oct 29 03:52:22 UTC 2025","passed","Wed Oct 29 03:52:22 UTC 2025","","plugin hooks","",""
"","0","should handle empty path","pathGenerator utilities","Wed Oct 29 03:52:50 UTC 2025","passed","Wed Oct 29 03:52:50 UTC 2025","","pathWithBase","",""
"","1","Scrypt - ScryptConfigOptions should handle valid options","@withstudiocms/effect Package Tests","Wed Oct 29 03:52:17 UTC 2025","passed","Wed Oct 29 03:52:17 UTC 2025","ScryptConfigOptions Tests","Scrypt Service Tests","",""
"reads and parses JSON file content","1","readJson - reads and parses JSON file content","@withstudiocms/internal_helpers Package Tests","Wed Oct 29 03:52:17 UTC 2025","passed","Wed Oct 29 03:52:17 UTC 2025","readJson - reads and parses JSON file content","Utility Functions","",""
"","0","ensureTrailingSlash adds slash if missing","@withstudiocms/internal_helpers Package Tests","Wed Oct 29 03:52:24 UTC 2025","passed","Wed Oct 29 03:52:24 UTC 2025","ensureTrailingSlash adds slash if missing","Path Generators Tests","",""
"","2","should set up virtual imports correctly for StudioCMS flavor","studiocmsMD","Wed Oct 29 03:52:19 UTC 2025","passed","Wed Oct 29 03:52:19 UTC 2025","","plugin hooks","",""
"","0","handles empty arrays in sanitize options","WYSIWYG Types and Schema","Wed Oct 29 03:52:36 UTC 2025","passed","Wed Oct 29 03:52:36 UTC 2025","","Schema edge cases","",""
"","3","should throw error for invalid options","studiocmsMD","Wed Oct 29 03:52:19 UTC 2025","passed","Wed Oct 29 03:52:19 UTC 2025","","plugin creation","",""
"","5","should call studiocms:astro:config hook with addIntegrations","studiocmsMDX","Wed Oct 29 03:52:22 UTC 2025","passed","Wed Oct 29 03:52:22 UTC 2025","","plugin hooks","",""
"","0","returns false for a future date","withinLast30Days","Wed Oct 29 03:53:05 UTC 2025","passed","Wed Oct 29 03:53:05 UTC 2025","","","",""
"","2","returns undefined for null input","heroHelper tests","Wed Oct 29 03:52:50 UTC 2025","passed","Wed Oct 29 03:52:50 UTC 2025","","trimInput","",""
"","163","Password Module - verifyPasswordStrength returns true for a strong password","@withstudiocms/auth-kit Package Tests","Wed Oct 29 03:52:48 UTC 2025","passed","Wed Oct 29 03:52:48 UTC 2025","verifyPasswordStrength Tests","Password Module Tests","",""
"","1","should validate complete page data","WordPress API Schema","Wed Oct 29 03:52:23 UTC 2025","passed","Wed Oct 29 03:52:23 UTC 2025","","Page","",""
"","0","should use the same globalThis key as the symbol","shared module","Wed Oct 29 03:52:47 UTC 2025","passed","Wed Oct 29 03:52:47 UTC 2025","","globalThis integration","",""
"","6","Buildkit CLI - build command with no entry points","@withstudiocms/buildkit Package Tests","Wed Oct 29 03:52:37 UTC 2025","passed","Wed Oct 29 03:52:37 UTC 2025","Buildkit CLI - build command with no entry points","CLI Tests","",""
"","5","should return true for a date within the last 24 hours","checkDate","Wed Oct 29 03:53:02 UTC 2025","passed","Wed Oct 29 03:53:02 UTC 2025","","","",""
"","0","TemplateParser - Should return false when no variables exist (1)","@withstudiocms/template-lang Package Tests","Wed Oct 29 03:52:16 UTC 2025","passed","Wed Oct 29 03:52:16 UTC 2025","TemplateParser - Should return false when no variables exist (1)","TemplateParser Tests","",""
"","2","returns empty summary for empty input","processWebVitalsSummary","Wed Oct 29 03:52:49 UTC 2025","passed","Wed Oct 29 03:52:49 UTC 2025","","","",""
"","0","decode - input: &lt;tag&gt;","@withstudiocms/component-registry Package Tests","Wed Oct 29 03:53:04 UTC 2025","passed","Wed Oct 29 03:53:04 UTC 2025","decode Tests","Component Proxy Tests","",""
"","0","should return empty arrays if input is empty","buildPageRouteDataObject","Wed Oct 29 03:52:54 UTC 2025","passed","Wed Oct 29 03:52:54 UTC 2025","","","",""
"","0","should set defaultLang to ""en""","i18n/config","Wed Oct 29 03:53:06 UTC 2025","passed","Wed Oct 29 03:53:06 UTC 2025","","","",""
"","272","HTTPClient provides a retrying HttpClient instance","@withstudiocms/effect Package Tests","Wed Oct 29 03:52:49 UTC 2025","passed","Wed Oct 29 03:52:49 UTC 2025","HTTPClient Tests","Effect Utility Tests","",""
"","3","updates text content when translation changes","makeTranslation","Wed Oct 29 03:53:14 UTC 2025","passed","Wed Oct 29 03:53:14 UTC 2025","","","",""
"","0","plugin resolves component paths correctly","StudioCMS MarkDoc Plugin","Wed Oct 29 03:52:33 UTC 2025","passed","Wed Oct 29 03:52:33 UTC 2025","","","",""
"","0","should have correct identifier constant","Cloudinary Image Service Plugin","Wed Oct 29 03:52:21 UTC 2025","passed","Wed Oct 29 03:52:21 UTC 2025","","cloudinaryImageService","",""
"","2","should aggregate page views correctly for perRouteData","buildPageRouteDataObject","Wed Oct 29 03:52:54 UTC 2025","passed","Wed Oct 29 03:52:54 UTC 2025","","","",""
"","0","handles empty string","safeString","Wed Oct 29 03:53:08 UTC 2025","passed","Wed Oct 29 03:53:08 UTC 2025","","","",""
"","1844","SMTPService - Should send email successfully","@withstudiocms/effect Package Tests","Wed Oct 29 03:52:23 UTC 2025","passed","Wed Oct 29 03:52:24 UTC 2025","Mail Sending Tests","SMTP Service Tests","",""
"","0","should create ImportEndpointConfig","WordPress API Configs","Wed Oct 29 03:52:23 UTC 2025","passed","Wed Oct 29 03:52:23 UTC 2025","","ImportEndpointConfig","",""
"","0","accepts an array of valid plugin list items","SafePluginListSchema","Wed Oct 29 03:52:52 UTC 2025","passed","Wed Oct 29 03:52:52 UTC 2025","","","",""
"","0","correctly replaces slug with special characters","getBlogRoute","Wed Oct 29 03:52:53 UTC 2025","passed","Wed Oct 29 03:52:53 UTC 2025","","","",""
"throws error if comp is undefined","0","pageContentComponentFilter - throws error if comp is undefined","@withstudiocms/internal_helpers Package Tests","Wed Oct 29 03:52:17 UTC 2025","passed","Wed Oct 29 03:52:17 UTC 2025","pageContentComponentFilter - throws error if comp is undefined","Utility Functions","",""
"","2","runAstroConfigHook collects integrations","StudioCMSPluginTester","Wed Oct 29 03:52:47 UTC 2025","passed","Wed Oct 29 03:52:47 UTC 2025","","","",""
"","0","returns red for >0.5","webVitalsUtils","Wed Oct 29 03:52:23 UTC 2025","passed","Wed Oct 29 03:52:23 UTC 2025","","progressBarClsColor","",""
"","0","should contain a valid Unsplash URL","FALLBACK_OG_IMAGE","Wed Oct 29 03:53:13 UTC 2025","passed","Wed Oct 29 03:53:13 UTC 2025","","","",""
"","1","should define required environment variables","@studiocms/auth0","Wed Oct 29 03:52:36 UTC 2025","passed","Wed Oct 29 03:52:36 UTC 2025","","hooks","",""
"","0","returns ""Owner"" for ""owner""","getLabelForPermissionLevel","Wed Oct 29 03:53:09 UTC 2025","passed","Wed Oct 29 03:53:09 UTC 2025","","","",""
"","47","Scrypt - Service Tests - Should derive keys correctly","@withstudiocms/effect Package Tests","Wed Oct 29 03:52:18 UTC 2025","passed","Wed Oct 29 03:52:18 UTC 2025","ScryptService Tests","Scrypt Service Tests","",""
"","0","Middleware - handlerFilter","@withstudiocms/effect Package Tests","Wed Oct 29 03:52:35 UTC 2025","passed","Wed Oct 29 03:52:35 UTC 2025","handlerFilter Tests","Middleware Utility Tests","",""
"","0","ambientScripts imports all modules","VirtualModuleBuilder","Wed Oct 29 03:52:51 UTC 2025","passed","Wed Oct 29 03:52:51 UTC 2025","","","",""
"","0","hides index if hideDefaultIndex is true","filterPagesByDraftAndIndex","Wed Oct 29 03:52:32 UTC 2025","passed","Wed Oct 29 03:52:32 UTC 2025","","","",""
"","0","should accept custom componentRegistry","StudioCMSOptionsSchema","Wed Oct 29 03:52:57 UTC 2025","passed","Wed Oct 29 03:52:57 UTC 2025","","","",""
"","2","Watcher Utils - findConfig Tests","@withstudiocms/config-utils Package Tests","Wed Oct 29 03:52:50 UTC 2025","passed","Wed Oct 29 03:52:50 UTC 2025","findConfig Test Set","Watcher Utility Tests","",""
"","0","TemplateParser - Should return empty array for no variables","@withstudiocms/template-lang Package Tests","Wed Oct 29 03:52:16 UTC 2025","passed","Wed Oct 29 03:52:16 UTC 2025","TemplateParser - Should return empty array for no variables","TemplateParser Tests","",""
"","1","info does not log when verbose is false","@withstudiocms/internal_helpers Package Tests","Wed Oct 29 03:52:16 UTC 2025","passed","Wed Oct 29 03:52:16 UTC 2025","integrationLogger - info method","Astro Integration Utility Tests","",""
"","1","should throw AstroError if cookies object is malformed","getCookie","Wed Oct 29 03:52:59 UTC 2025","passed","Wed Oct 29 03:52:59 UTC 2025","","","",""
"","2","should reject invalid post format values","WordPress API Schema","Wed Oct 29 03:52:23 UTC 2025","passed","Wed Oct 29 03:52:23 UTC 2025","","PostFormatSchema","",""
"","1","should have studiocms:astro:config hook","studiocmsMD","Wed Oct 29 03:52:19 UTC 2025","passed","Wed Oct 29 03:52:19 UTC 2025","","plugin hooks","",""
"","0","Middleware - sortByPriority","@withstudiocms/effect Package Tests","Wed Oct 29 03:52:35 UTC 2025","passed","Wed Oct 29 03:52:35 UTC 2025","sortByPriority Tests","Middleware Utility Tests","",""
"","1","should log error messages","S48Logger","Wed Oct 29 03:52:48 UTC 2025","passed","Wed Oct 29 03:52:48 UTC 2025","","","",""
"","3","should create a plugin with default options","studiocmsMDX","Wed Oct 29 03:52:22 UTC 2025","passed","Wed Oct 29 03:52:22 UTC 2025","","plugin creation","",""
"","0","throws SyntaxError for empty string","Utils","Wed Oct 29 03:52:44 UTC 2025","passed","Wed Oct 29 03:52:44 UTC 2025","","parse","",""
"","2","should handle malformed MDX content","renderMDX","Wed Oct 29 03:52:16 UTC 2025","passed","Wed Oct 29 03:52:16 UTC 2025","","Edge cases","",""
"parses valid JSON string to object","3","jsonParse - parses valid JSON string to object","@withstudiocms/internal_helpers Package Tests","Wed Oct 29 03:52:17 UTC 2025","passed","Wed Oct 29 03:52:17 UTC 2025","jsonParse - parses valid JSON string to object","Utility Functions","",""
"","0","should aggregate last7DaysData correctly","buildPerPageRouteDataObject","Wed Oct 29 03:52:39 UTC 2025","passed","Wed Oct 29 03:52:39 UTC 2025","","","",""
"","1","returns empty string for empty input","parseMarkdown","Wed Oct 29 03:53:08 UTC 2025","passed","Wed Oct 29 03:53:08 UTC 2025","","","",""
"","4","should read and parse JSON file successfully","readJson","Wed Oct 29 03:52:56 UTC 2025","passed","Wed Oct 29 03:52:56 UTC 2025","","","",""
"","0","returns green for <=100","webVitalsUtils","Wed Oct 29 03:52:23 UTC 2025","passed","Wed Oct 29 03:52:23 UTC 2025","","inpTextColor","",""
"","0","throws error for invalid allowAttributes type","WYSIWYG Types and Schema","Wed Oct 29 03:52:36 UTC 2025","passed","Wed Oct 29 03:52:36 UTC 2025","","WYSIWYGSchema","",""
"","5","Scrypt - Service Tests - Should work with scrypt parameters N:1024, r:4, p:1","@withstudiocms/effect Package Tests","Wed Oct 29 03:52:18 UTC 2025","passed","Wed Oct 29 03:52:18 UTC 2025","ScryptService Tests","Scrypt Service Tests","",""
"","0","should mark all templates as readonly","defaultTemplates","Wed Oct 29 03:53:04 UTC 2025","passed","Wed Oct 29 03:53:04 UTC 2025","","","",""
"","0","should default enabled to true","authConfigSchema","Wed Oct 29 03:52:55 UTC 2025","passed","Wed Oct 29 03:52:55 UTC 2025","","","",""
"","2","should render title and message in the HTML","notification template","Wed Oct 29 03:53:07 UTC 2025","passed","Wed Oct 29 03:53:07 UTC 2025","","","",""
"","7","render component","Components Container tests","Wed Oct 29 03:52:33 UTC 2025","passed","Wed Oct 29 03:52:33 UTC 2025","SSRUser component","Shared components","",""
"","0","should handle optional path parameter","WordPress API Configs","Wed Oct 29 03:52:23 UTC 2025","passed","Wed Oct 29 03:52:23 UTC 2025","","APIEndpointConfig","",""
"","54","Deepmerge - throws an error if the merge function throws","@withstudiocms/effect Package Tests","Wed Oct 29 03:52:42 UTC 2025","passed","Wed Oct 29 03:52:42 UTC 2025","deepmerge Effect Tests","Deepmerge Utility Tests","",""
"","0","validates CSRF token","WYSIWYG Store Route","Wed Oct 29 03:52:24 UTC 2025","passed","Wed Oct 29 03:52:24 UTC 2025","","","",""
"","39","BaseHead with minimal props","BaseHead component","Wed Oct 29 03:52:59 UTC 2025","passed","Wed Oct 29 03:52:59 UTC 2025","","","",""
"","0","decodeHTML with input: 2 &lt; 3 &gt; 1","@withstudiocms/component-registry Package Tests","Wed Oct 29 03:52:28 UTC 2025","passed","Wed Oct 29 03:52:28 UTC 2025","decodeHTML Tests","Component Proxy Tests","",""
"","0","should create layer with makeLayer","WordPress API Configs","Wed Oct 29 03:52:23 UTC 2025","passed","Wed Oct 29 03:52:23 UTC 2025","","DownloadImageConfig","",""
"","0","fromCodePoint with input: 65","@withstudiocms/component-registry Package Tests","Wed Oct 29 03:52:28 UTC 2025","passed","Wed Oct 29 03:52:28 UTC 2025","fromCodePoint Tests","Component Proxy Tests","",""
"","0","should include instructions for password reset and ignoring if not requested","passwordReset template","Wed Oct 29 03:53:05 UTC 2025","passed","Wed Oct 29 03:53:05 UTC 2025","","","",""
"","1","should allow overriding all values","dashboardConfigSchema","Wed Oct 29 03:53:00 UTC 2025","passed","Wed Oct 29 03:53:00 UTC 2025","","","",""
"","0","should export the same function as named export","studiocmsMDX","Wed Oct 29 03:52:22 UTC 2025","passed","Wed Oct 29 03:52:22 UTC 2025","","default export","",""
"","0","returns red for >200","webVitalsUtils","Wed Oct 29 03:52:23 UTC 2025","passed","Wed Oct 29 03:52:23 UTC 2025","","inpTextColor","",""
"","0","Libravatar Utils - composeAvatarUrl with delegationServer=""custom.example.com:8080"" and https=false","@withstudiocms/auth-kit Package Tests","Wed Oct 29 03:52:25 UTC 2025","passed","Wed Oct 29 03:52:25 UTC 2025","composeAvatarUrl Tests","Libravatar Utility Tests","",""
"","9","ComponentRegistry - validateProps - unknown props","@withstudiocms/component-registry Package Tests","Wed Oct 29 03:52:19 UTC 2025","passed","Wed Oct 29 03:52:19 UTC 2025","validateProps Tests","Component Registry Tests","",""
"","0","renderMarkDoc handles malformed content gracefully","MarkDoc Render Library","Wed Oct 29 03:52:29 UTC 2025","passed","Wed Oct 29 03:52:29 UTC 2025","","","",""
"","1","Session Utility - makeExpirationDate returns a Date in the future","@withstudiocms/auth-kit Package Tests","Wed Oct 29 03:52:51 UTC 2025","passed","Wed Oct 29 03:52:51 UTC 2025","makeExpirationDate Tests","Session Utility Tests","",""
"","40","Layout renders correctly","Layout component","Wed Oct 29 03:52:39 UTC 2025","passed","Wed Oct 29 03:52:39 UTC 2025","","","",""
"","1","should define required environment variables","@studiocms/discord","Wed Oct 29 03:52:36 UTC 2025","passed","Wed Oct 29 03:52:36 UTC 2025","","hooks","",""
"","1","HeadConfigSchema - createHead merges and sorts head configs","@withstudiocms/internal_helpers Package Tests","Wed Oct 29 03:52:21 UTC 2025","passed","Wed Oct 29 03:52:21 UTC 2025","HeadConfigSchema - createHead merges and sorts head configs","HeadConfigSchema Tests","",""
"","0","should handle empty input","buildPerPageRouteDataObject","Wed Oct 29 03:52:39 UTC 2025","passed","Wed Oct 29 03:52:39 UTC 2025","","","",""
"","4","render component with badge and icon","Components Container tests","Wed Oct 29 03:52:33 UTC 2025","passed","Wed Oct 29 03:52:33 UTC 2025","PageHeader component","First Time Setup components","",""
"","3","should handle empty content","renderMDX","Wed Oct 29 03:52:16 UTC 2025","passed","Wed Oct 29 03:52:16 UTC 2025","","","",""
"","4","updates select label text","updateSelectElmLabel","Wed Oct 29 03:53:14 UTC 2025","passed","Wed Oct 29 03:53:14 UTC 2025","","","",""
"","7","Watcher Utils - exists Tests","@withstudiocms/config-utils Package Tests","Wed Oct 29 03:52:50 UTC 2025","passed","Wed Oct 29 03:52:50 UTC 2025","exists Test Set","Watcher Utility Tests","",""
"","1","should export the same function as named export","studiocmsHTML","Wed Oct 29 03:52:35 UTC 2025","passed","Wed Oct 29 03:52:35 UTC 2025","","default export","",""
"","0","should initialize with undefined htmlConfig when globalThis is empty","shared module","Wed Oct 29 03:52:47 UTC 2025","passed","Wed Oct 29 03:52:47 UTC 2025","","shared object","",""
"","0","should create layer with makeLayer","WordPress API Configs","Wed Oct 29 03:52:23 UTC 2025","passed","Wed Oct 29 03:52:23 UTC 2025","","RawPageData","",""
"","1","should list available UI translations","i18n/config","Wed Oct 29 03:53:06 UTC 2025","passed","Wed Oct 29 03:53:06 UTC 2025","","","",""
"","24","createComponentProxy - proxies function components and processes props and children","@withstudiocms/component-registry Package Tests","Wed Oct 29 03:52:38 UTC 2025","passed","Wed Oct 29 03:52:38 UTC 2025","createComponentProxy Tests","Component Proxy Tests","",""
"","6","should create a plugin with default options","studiocmsMD","Wed Oct 29 03:52:19 UTC 2025","passed","Wed Oct 29 03:52:19 UTC 2025","","plugin creation","",""
"","0","should strip leading slash from path","pathGenerator utilities","Wed Oct 29 03:52:50 UTC 2025","passed","Wed Oct 29 03:52:50 UTC 2025","","pathWithBase","",""
"","6","GET returns correct XML response with dynamic URLs","GET","Wed Oct 29 03:52:55 UTC 2025","passed","Wed Oct 29 03:52:55 UTC 2025","","","",""
"","0","should format info prefix dim","getEventPrefix","Wed Oct 29 03:52:48 UTC 2025","passed","Wed Oct 29 03:52:48 UTC 2025","","","",""
"throws SyntaxError if file content is invalid JSON","0","readJson - throws SyntaxError if file content is invalid JSON","@withstudiocms/internal_helpers Package Tests","Wed Oct 29 03:52:17 UTC 2025","passed","Wed Oct 29 03:52:17 UTC 2025","readJson - throws SyntaxError if file content is invalid JSON","Utility Functions","",""
"","1","StudioCMSRoutes.mainLinks contains expected keys","routeMap","Wed Oct 29 03:52:35 UTC 2025","passed","Wed Oct 29 03:52:35 UTC 2025","","","",""
"","0","Utility - convertHyphensToUnderscores converts """" to """"","@withstudiocms/component-registry Package Tests","Wed Oct 29 03:52:24 UTC 2025","passed","Wed Oct 29 03:52:24 UTC 2025","convertHyphensToUnderscores Tests","Utility Tests","",""
"","0","returns correct score text","webVitalsUtils","Wed Oct 29 03:52:23 UTC 2025","passed","Wed Oct 29 03:52:23 UTC 2025","","calculateClsScoreText","",""
"","0","decodeHTML with input: A&#x41;B","@withstudiocms/component-registry Package Tests","Wed Oct 29 03:52:28 UTC 2025","passed","Wed Oct 29 03:52:28 UTC 2025","decodeHTML Tests","Component Proxy Tests","",""
"","0","returns red for >100","webVitalsUtils","Wed Oct 29 03:52:23 UTC 2025","passed","Wed Oct 29 03:52:23 UTC 2025","","progressBarInpTrackColor","",""
"","1","generates a valid JWT and verifies it","generateJwt & verifyJwt","Wed Oct 29 03:52:47 UTC 2025","passed","Wed Oct 29 03:52:47 UTC 2025","","","",""
"","25","Footer renders correctly","Footer component","Wed Oct 29 03:53:13 UTC 2025","passed","Wed Oct 29 03:53:13 UTC 2025","","","",""
"","0","should have correct plugin name","@studiocms/auth0","Wed Oct 29 03:52:36 UTC 2025","passed","Wed Oct 29 03:52:36 UTC 2025","","plugin structure","",""
"","4","Clack - ClackError sets tag and cause","@withstudiocms/effect Package Tests","Wed Oct 29 03:52:51 UTC 2025","passed","Wed Oct 29 03:52:51 UTC 2025","ClackError Tests","Clack Wrapper Tests","",""
"","18","exports required functions","WYSIWYG Store Route","Wed Oct 29 03:52:24 UTC 2025","passed","Wed Oct 29 03:52:24 UTC 2025","","","",""
"","8","Config Loader - loadAndBundleConfigFile","@withstudiocms/config-utils Package Tests","Wed Oct 29 03:52:21 UTC 2025","passed","Wed Oct 29 03:52:21 UTC 2025","loadAndBundleConfigFile Tests","Config Loader Tests","",""
"","0","Utility - convertUnderscoresToHyphens converts ""___"" to ""---""","@withstudiocms/component-registry Package Tests","Wed Oct 29 03:52:24 UTC 2025","passed","Wed Oct 29 03:52:24 UTC 2025","convertUnderscoresToHyphens Tests","Utility Tests","",""
"","0","TemplateParser - Should return false when no variables exist (2)","@withstudiocms/template-lang Package Tests","Wed Oct 29 03:52:16 UTC 2025","passed","Wed Oct 29 03:52:16 UTC 2025","TemplateParser - Should return false when no variables exist (2)","TemplateParser Tests","",""
"","3","should parse valid ratings","WebVitalsRatingSchema","Wed Oct 29 03:52:51 UTC 2025","passed","Wed Oct 29 03:52:51 UTC 2025","","","",""
"","8","returns correct permission level for each user type","getUserPermissionLevel","Wed Oct 29 03:52:42 UTC 2025","passed","Wed Oct 29 03:52:42 UTC 2025","","","",""
"","1","remapFilterSitemap returns correct locations (curried)","getBlogRoute","Wed Oct 29 03:52:53 UTC 2025","passed","Wed Oct 29 03:52:53 UTC 2025","","","",""
"","0","throws for config.sitemap as number","generateSitemapContent","Wed Oct 29 03:52:28 UTC 2025","passed","Wed Oct 29 03:52:28 UTC 2025","","","",""
"","2","parses pageMetaData for array of diffItems","SDKCore_Parsers","Wed Oct 29 03:52:45 UTC 2025","passed","Wed Oct 29 03:52:45 UTC 2025","","fixDiff","",""
"","0","returns defaultLang if language not found","i18n/server","Wed Oct 29 03:52:54 UTC 2025","passed","Wed Oct 29 03:52:54 UTC 2025","","getLangFromUrl","",""
"","0","should export default function","@studiocms/google","Wed Oct 29 03:52:37 UTC 2025","passed","Wed Oct 29 03:52:37 UTC 2025","","plugin creation","",""
"","0","returns fallback if both hero and site defaultOgImage are undefined","heroHelper tests","Wed Oct 29 03:52:50 UTC 2025","passed","Wed Oct 29 03:52:50 UTC 2025","getHeroImage","trimInput","",""
"","58","User Module - createLocalUser returns a user object","@withstudiocms/auth-kit Package Tests","Wed Oct 29 03:52:21 UTC 2025","passed","Wed Oct 29 03:52:21 UTC 2025","createLocalUser Tests","User Module Tests","",""
"","1","should allow setting htmlConfig","shared module","Wed Oct 29 03:52:47 UTC 2025","passed","Wed Oct 29 03:52:47 UTC 2025","","shared object","",""
"","0","stripTrailingSlash removes trailing slash","@withstudiocms/internal_helpers Package Tests","Wed Oct 29 03:52:25 UTC 2025","passed","Wed Oct 29 03:52:25 UTC 2025","stripTrailingSlash removes trailing slash","Path Generators Tests","",""
"","1","Session Module - setOAuthSessionTokenCookie sets OAuth cookie","@withstudiocms/auth-kit Package Tests","Wed Oct 29 03:52:27 UTC 2025","passed","Wed Oct 29 03:52:27 UTC 2025","setOAuthSessionTokenCookie Tests","Session Module Tests","",""
"","0","returns yellow for >100 and <=200","webVitalsUtils","Wed Oct 29 03:52:23 UTC 2025","passed","Wed Oct 29 03:52:23 UTC 2025","","inpTextColor","",""
"","5","should use default shared config","renderMDX","Wed Oct 29 03:52:16 UTC 2025","passed","Wed Oct 29 03:52:16 UTC 2025","","","",""
"","0","stripLeadingAndTrailingSlashes removes both","@withstudiocms/internal_helpers Package Tests","Wed Oct 29 03:52:25 UTC 2025","passed","Wed Oct 29 03:52:25 UTC 2025","stripLeadingAndTrailingSlashes removes both","Path Generators Tests","",""
"","0","plugin sets up rendering configuration","StudioCMS MarkDoc Plugin","Wed Oct 29 03:52:33 UTC 2025","passed","Wed Oct 29 03:52:33 UTC 2025","","","",""
"","1","Password Utility - verifyPasswordLength - should return ""undefined"" for input ""123456""","@withstudiocms/auth-kit Package Tests","Wed Oct 29 03:52:41 UTC 2025","passed","Wed Oct 29 03:52:41 UTC 2025","verifyPasswordLength Tests","Password Utility Tests","",""
"","0","generates correct fetch URL for desktop","webVitalsUtils","Wed Oct 29 03:52:23 UTC 2025","passed","Wed Oct 29 03:52:23 UTC 2025","","generateLighthouseFetchUrl","",""
"","182","SMTPService - Verify Transport with Invalid Config","@withstudiocms/effect Package Tests","Wed Oct 29 03:52:22 UTC 2025","passed","Wed Oct 29 03:52:23 UTC 2025","SMTPService Transport Verification Tests","SMTP Service Tests","",""
"","1","throws on invalid format","TimeStringSchema","Wed Oct 29 03:52:44 UTC 2025","passed","Wed Oct 29 03:52:44 UTC 2025","","","",""
"","12","Zod Utils - parseConfig Test","@withstudiocms/config-utils Package Tests","Wed Oct 29 03:52:39 UTC 2025","passed","Wed Oct 29 03:52:39 UTC 2025","parseConfig Tests","Zod Utility Tests","",""
"","1","should validate all required fields are present","WordPress API Configs","Wed Oct 29 03:52:23 UTC 2025","passed","Wed Oct 29 03:52:23 UTC 2025","","Configuration Validation","",""
"","0","userInvite template should contain required variables","defaultTemplates","Wed Oct 29 03:53:04 UTC 2025","passed","Wed Oct 29 03:53:04 UTC 2025","","","",""
"","0","decodeXML with input: foo &amp; bar","@withstudiocms/component-registry Package Tests","Wed Oct 29 03:52:28 UTC 2025","passed","Wed Oct 29 03:52:28 UTC 2025","decodeXML Tests","Component Proxy Tests","",""
"","1","should handle app-toggled event with state true","app-utils","Wed Oct 29 03:52:33 UTC 2025","passed","Wed Oct 29 03:52:33 UTC 2025","","closeOnOutsideClick","",""
"","1","routesDir should generate correct paths","consts.ts","Wed Oct 29 03:52:35 UTC 2025","passed","Wed Oct 29 03:52:35 UTC 2025","","","",""
"","6","Utility - integrationLogger logs at info when verbose is true","@withstudiocms/component-registry Package Tests","Wed Oct 29 03:52:24 UTC 2025","passed","Wed Oct 29 03:52:24 UTC 2025","integrationLogger Tests","Utility Tests","",""
"","0","Middleware - sortByPriority","@withstudiocms/effect Package Tests","Wed Oct 29 03:52:35 UTC 2025","passed","Wed Oct 29 03:52:35 UTC 2025","sortByPriority Tests","Middleware Utility Tests","",""
"","3","should map oAuthButtons to providerData correctly","oAuthButtonProviders","Wed Oct 29 03:53:13 UTC 2025","passed","Wed Oct 29 03:53:13 UTC 2025","","","",""
"","0","TemplateRenderer - Handling undefined values","@withstudiocms/template-lang Package Tests","Wed Oct 29 03:52:16 UTC 2025","passed","Wed Oct 29 03:52:16 UTC 2025","TemplateRenderer - Handling undefined values","TemplateRenderer Tests","",""
"","4","Editor with empty content","MDX Editor component","Wed Oct 29 03:52:45 UTC 2025","passed","Wed Oct 29 03:52:45 UTC 2025","","","",""
"","0","plugin handles undefined options","StudioCMS MarkDoc Plugin","Wed Oct 29 03:52:33 UTC 2025","passed","Wed Oct 29 03:52:33 UTC 2025","","","",""
"","0","should aggregate last30DaysData correctly","buildPerPageRouteDataObject","Wed Oct 29 03:52:39 UTC 2025","passed","Wed Oct 29 03:52:39 UTC 2025","","","",""
"","0","plugin exports default function","StudioCMS WYSIWYG Plugin","Wed Oct 29 03:52:43 UTC 2025","passed","Wed Oct 29 03:52:43 UTC 2025","","","",""
"","4","testToken throws on invalid token","SDKCore_Generators","Wed Oct 29 03:53:02 UTC 2025","passed","Wed Oct 29 03:53:02 UTC 2025","","","",""
"","0","should handle empty string","pathGenerator utilities","Wed Oct 29 03:52:50 UTC 2025","passed","Wed Oct 29 03:52:50 UTC 2025","","stripLeadingSlash","",""
"","0","TemplateEngine - Should handle deep nesting","@withstudiocms/template-lang Package Tests","Wed Oct 29 03:52:16 UTC 2025","passed","Wed Oct 29 03:52:16 UTC 2025","TemplateEngine - Should handle deep nesting","TemplateEngine Tests","",""
"","2","getLatestVersion - Writes cache after fetching in dev mode","@withstudiocms/internal_helpers Package Tests","Wed Oct 29 03:52:16 UTC 2025","passed","Wed Oct 29 03:52:16 UTC 2025","getLatestVersion - Writes cache after fetching in dev mode","Astro Integration Utility Tests","",""
"","3","plugin creation with default options","StudioCMS MarkDoc Plugin","Wed Oct 29 03:52:33 UTC 2025","passed","Wed Oct 29 03:52:33 UTC 2025","","","",""
"","0","returns undefined when opt is undefined","preRender","Wed Oct 29 03:52:55 UTC 2025","passed","Wed Oct 29 03:52:55 UTC 2025","","parseCallouts","",""
"","0","Libravatar Utils - parseUserIdentity with input {""openid"":""not a url""}","@withstudiocms/auth-kit Package Tests","Wed Oct 29 03:52:25 UTC 2025","passed","Wed Oct 29 03:52:25 UTC 2025","parseUserIdentity Tests","Libravatar Utility Tests","",""
"","0","returns trimmed string if non-empty after trim","heroHelper tests","Wed Oct 29 03:52:50 UTC 2025","passed","Wed Oct 29 03:52:50 UTC 2025","","trimInput","",""
"","0","returns red for >0.25","webVitalsUtils","Wed Oct 29 03:52:23 UTC 2025","passed","Wed Oct 29 03:52:23 UTC 2025","","progressBarClsTrackColor","",""
"","1","determineBranch returns -1 for invalid branch (char: 9999)","@withstudiocms/component-registry Package Tests","Wed Oct 29 03:52:28 UTC 2025","passed","Wed Oct 29 03:52:28 UTC 2025","determineBranch Tests","Component Proxy Tests","",""
"","0","should not have other hooks","@studiocms/auth0","Wed Oct 29 03:52:36 UTC 2025","passed","Wed Oct 29 03:52:36 UTC 2025","","hook implementation","",""
"","0","should default usernameAndPassword to true","authProviderSchema","Wed Oct 29 03:52:55 UTC 2025","passed","Wed Oct 29 03:52:55 UTC 2025","","","",""
"","0","returns red for >200","webVitalsUtils","Wed Oct 29 03:52:23 UTC 2025","passed","Wed Oct 29 03:52:23 UTC 2025","","progressBarInpColor","",""
"","0","Utility - convertHyphensToUnderscores converts ""-hello-world-"" to ""_hello_world_""","@withstudiocms/component-registry Package Tests","Wed Oct 29 03:52:24 UTC 2025","passed","Wed Oct 29 03:52:24 UTC 2025","convertHyphensToUnderscores Tests","Utility Tests","",""
"","0","should configure Auth0 as OAuth provider","@studiocms/auth0","Wed Oct 29 03:52:36 UTC 2025","passed","Wed Oct 29 03:52:36 UTC 2025","","OAuth provider configuration","",""
"","0","should accept allowUserRegistration as false","localUsernameAndPasswordConfig","Wed Oct 29 03:52:55 UTC 2025","passed","Wed Oct 29 03:52:55 UTC 2025","","","",""
"","1","fork should create a new logger with same options and new label","S48Logger","Wed Oct 29 03:52:48 UTC 2025","passed","Wed Oct 29 03:52:48 UTC 2025","","","",""
"","1","Session Module - validateSessionToken returns session and user for valid session","@withstudiocms/auth-kit Package Tests","Wed Oct 29 03:52:27 UTC 2025","passed","Wed Oct 29 03:52:27 UTC 2025","validateSessionToken Valid Session Tests","Session Module Tests","",""
"","0","buildAliasExports Test Case","@withstudiocms/component-registry Package Tests","Wed Oct 29 03:52:46 UTC 2025","passed","Wed Oct 29 03:52:46 UTC 2025","buildAliasExports Tests","Registry Constants Tests","",""
"","0","should set correct endpoint path","@studiocms/discord","Wed Oct 29 03:52:36 UTC 2025","passed","Wed Oct 29 03:52:36 UTC 2025","","OAuth provider configuration","",""
"","1","TransformHTML Sanitization Test Case","@withstudiocms/component-registry Package Tests","Wed Oct 29 03:52:34 UTC 2025","passed","Wed Oct 29 03:52:34 UTC 2025","transformHTML Sanitization Tests","TransformHTML Tests","",""
"","0","should transform boolean values to object format","schema","Wed Oct 29 03:52:46 UTC 2025","passed","Wed Oct 29 03:52:46 UTC 2025","","AppsConfigSchema","",""
"","0","returns NaN for empty array","webVitalsUtils","Wed Oct 29 03:52:23 UTC 2025","passed","Wed Oct 29 03:52:23 UTC 2025","","calculateLcpAverage","",""
"","0","should work with a URL object","verifyEmail template","Wed Oct 29 03:53:09 UTC 2025","passed","Wed Oct 29 03:53:09 UTC 2025","","","",""
"","0","decodeHTMLStrict with input: foo &lt; bar","@withstudiocms/component-registry Package Tests","Wed Oct 29 03:52:28 UTC 2025","passed","Wed Oct 29 03:52:28 UTC 2025","decodeHTMLStrict Tests","Component Proxy Tests","",""
"","1","should retrieve existing object from globalThis","shared module","Wed Oct 29 03:52:47 UTC 2025","passed","Wed Oct 29 03:52:47 UTC 2025","","shared object","",""
"","0","isDashboardRoute returns correct values","Route logic","Wed Oct 29 03:53:14 UTC 2025","passed","Wed Oct 29 03:53:14 UTC 2025","","","",""
"","2","logMessages - logs messages at various levels when verbose is true","@withstudiocms/internal_helpers Package Tests","Wed Oct 29 03:52:16 UTC 2025","passed","Wed Oct 29 03:52:16 UTC 2025","logMessages - logs messages at various levels when verbose is true","Astro Integration Utility Tests","",""
"","27","ComponentRegistry - registerComponentFromFile - complex prop types","@withstudiocms/component-registry Package Tests","Wed Oct 29 03:52:18 UTC 2025","passed","Wed Oct 29 03:52:18 UTC 2025","registerComponentFromFile Tests","Component Registry Tests","",""
"","0","decode - input: plain text","@withstudiocms/component-registry Package Tests","Wed Oct 29 03:53:04 UTC 2025","passed","Wed Oct 29 03:53:04 UTC 2025","decode Tests","Component Proxy Tests","",""
"","0","TemplateParser - Should parse nested variables","@withstudiocms/template-lang Package Tests","Wed Oct 29 03:52:16 UTC 2025","passed","Wed Oct 29 03:52:16 UTC 2025","TemplateParser - Should parse nested variables","TemplateParser Tests","",""
"","0","decode - input: &copy;","@withstudiocms/component-registry Package Tests","Wed Oct 29 03:53:04 UTC 2025","passed","Wed Oct 29 03:53:04 UTC 2025","decode Tests","Component Proxy Tests","",""
"","9","should return original src when Cloudinary throws error","cloudinaryImageService","Wed Oct 29 03:52:28 UTC 2025","passed","Wed Oct 29 03:52:28 UTC 2025","","error handling","",""
"","0","decodeCodePoint with input: 128512 (Deprecated)","@withstudiocms/component-registry Package Tests","Wed Oct 29 03:52:57 UTC 2025","passed","Wed Oct 29 03:52:57 UTC 2025","decodeCodePoint Tests (Deprecated)","Component Proxy Tests","",""
"","0","should export StudioCMSMarkdownDefaults","consts.ts","Wed Oct 29 03:52:35 UTC 2025","passed","Wed Oct 29 03:52:35 UTC 2025","","","",""
"","1","should accept valid locale keys","i18nLabelSchema","Wed Oct 29 03:52:36 UTC 2025","passed","Wed Oct 29 03:52:36 UTC 2025","","","",""
"","0","extracts INP values and calculates floored average","webVitalsUtils","Wed Oct 29 03:52:23 UTC 2025","passed","Wed Oct 29 03:52:23 UTC 2025","","inpDataAverage","",""
"","27","shows toast and returns if passwords do not match on register","formListener","Wed Oct 29 03:53:14 UTC 2025","passed","Wed Oct 29 03:53:14 UTC 2025","","","",""
"","1","should parse both core and additional metrics","WebVitalsMetricTypeSchema","Wed Oct 29 03:52:51 UTC 2025","passed","Wed Oct 29 03:52:51 UTC 2025","","","",""
"","11","should construct the correct public route for a simple string","makePublicRoute","Wed Oct 29 03:53:09 UTC 2025","passed","Wed Oct 29 03:53:09 UTC 2025","","","",""
"","1","should handle different image dimensions","cloudinaryImageService","Wed Oct 29 03:52:28 UTC 2025","passed","Wed Oct 29 03:52:28 UTC 2025","","successful image generation","",""
"","3","generateRandomIDNumber returns a number of correct length","SDKCore_Generators","Wed Oct 29 03:53:02 UTC 2025","passed","Wed Oct 29 03:53:02 UTC 2025","","","",""
"","0","should resolve namespaced built-in modules","nodeNamespaceBuiltinsAstro","Wed Oct 29 03:53:00 UTC 2025","passed","Wed Oct 29 03:53:00 UTC 2025","","resolveBuiltIns","",""
"","0","decodeHTML (edge cases) with input:","@withstudiocms/component-registry Package Tests","Wed Oct 29 03:52:28 UTC 2025","passed","Wed Oct 29 03:52:28 UTC 2025","decodeHTML (edge cases) Tests","Component Proxy Tests","",""
"","0","User Utility - verifyUsernameLength","@withstudiocms/auth-kit Package Tests","Wed Oct 29 03:52:40 UTC 2025","passed","Wed Oct 29 03:52:40 UTC 2025","verifyUsernameLength Tests","User Utility Tests","",""
"","2","should accept valid sanitize options","HTMLSchema","Wed Oct 29 03:52:58 UTC 2025","passed","Wed Oct 29 03:52:58 UTC 2025","","validation","",""
"","0","returns PageDataCacheObject with correct data and timestamp","pageDataReturn","Wed Oct 29 03:52:32 UTC 2025","passed","Wed Oct 29 03:52:32 UTC 2025","","","",""
"","0","TemplateEngine - Should use default value for missing variables","@withstudiocms/template-lang Package Tests","Wed Oct 29 03:52:16 UTC 2025","passed","Wed Oct 29 03:52:16 UTC 2025","TemplateEngine - Should use default value for missing variables","TemplateEngine Tests","",""
"","4","User Module - verifyUsernameInput Tests","@withstudiocms/auth-kit Package Tests","Wed Oct 29 03:52:21 UTC 2025","passed","Wed Oct 29 03:52:21 UTC 2025","verifyUsernameInput Tests","User Module Tests","",""
"","1","pluginLogger forks logger with correct label for id ""astro-integration""","@withstudiocms/internal_helpers Package Tests","Wed Oct 29 03:52:16 UTC 2025","passed","Wed Oct 29 03:52:16 UTC 2025","pluginLogger - id: astro-integration","Astro Integration Utility Tests","",""
"","1","sorts summaries by score ascending","processWebVitalsRouteSummary","Wed Oct 29 03:52:46 UTC 2025","passed","Wed Oct 29 03:52:46 UTC 2025","","","",""
"","17","Buildkit CLI - build command with entry point","@withstudiocms/buildkit Package Tests","Wed Oct 29 03:52:37 UTC 2025","passed","Wed Oct 29 03:52:37 UTC 2025","Buildkit CLI - build command with entry point","CLI Tests","",""
"","0","validates content sanitization","WYSIWYG Store Route","Wed Oct 29 03:52:24 UTC 2025","passed","Wed Oct 29 03:52:24 UTC 2025","","","",""
"","0","should add items to all arrays if all date checks are true","buildDataObject","Wed Oct 29 03:52:45 UTC 2025","passed","Wed Oct 29 03:52:45 UTC 2025","","","",""
"","0","should handle empty string","pathGenerator utilities","Wed Oct 29 03:52:50 UTC 2025","passed","Wed Oct 29 03:52:50 UTC 2025","","stripTrailingSlash","",""
"","0","parses valid array of strings","SDKCore_Parsers","Wed Oct 29 03:52:45 UTC 2025","passed","Wed Oct 29 03:52:45 UTC 2025","","parseIdStringArray","",""
"","84","Scrypt - Service Tests - Should produce consistent results for same input","@withstudiocms/effect Package Tests","Wed Oct 29 03:52:18 UTC 2025","passed","Wed Oct 29 03:52:18 UTC 2025","ScryptService Tests","Scrypt Service Tests","",""
"","0","TemplateRenderer - Should allow updating options","@withstudiocms/template-lang Package Tests","Wed Oct 29 03:52:16 UTC 2025","passed","Wed Oct 29 03:52:16 UTC 2025","TemplateRenderer - Should allow updating options","TemplateRenderer Tests","",""
"","0","Libravatar Utils - serviceName for domain ""example.com"" with https=false","@withstudiocms/auth-kit Package Tests","Wed Oct 29 03:52:25 UTC 2025","passed","Wed Oct 29 03:52:25 UTC 2025","serviceName Tests","Libravatar Utility Tests","",""
"","0","validates complex sanitize options","WYSIWYG Types and Schema","Wed Oct 29 03:52:36 UTC 2025","passed","Wed Oct 29 03:52:36 UTC 2025","","WYSIWYGSchema","",""
"","48","Config Loader - bundleConfigFile","@withstudiocms/config-utils Package Tests","Wed Oct 29 03:52:20 UTC 2025","passed","Wed Oct 29 03:52:21 UTC 2025","bundleConfigFile Tests","Config Loader Tests","",""
"","1","Middleware - sortByPriority","@withstudiocms/effect Package Tests","Wed Oct 29 03:52:35 UTC 2025","passed","Wed Oct 29 03:52:35 UTC 2025","sortByPriority Tests","Middleware Utility Tests","",""
"","0","should not include og:image and twitter:image if ogImage is undefined","headDefaults","Wed Oct 29 03:52:53 UTC 2025","passed","Wed Oct 29 03:52:53 UTC 2025","","","",""
"","0","should have studiocms:config:setup hook","studiocmsMDX","Wed Oct 29 03:52:22 UTC 2025","passed","Wed Oct 29 03:52:22 UTC 2025","","plugin hooks","",""
"","0","Utility - dedent correctly dedents input","@withstudiocms/component-registry Package Tests","Wed Oct 29 03:52:24 UTC 2025","passed","Wed Oct 29 03:52:24 UTC 2025","dedent Tests","Utility Tests","",""
"","1","should persist custom options to shared.htmlConfig","studiocmsHTML","Wed Oct 29 03:52:35 UTC 2025","passed","Wed Oct 29 03:52:35 UTC 2025","","plugin hooks","",""
"","20","Editor with props","Editor component","Wed Oct 29 03:53:12 UTC 2025","passed","Wed Oct 29 03:53:12 UTC 2025","","","",""
"","0","handles boolean false","SDKCacheSchema","Wed Oct 29 03:52:44 UTC 2025","passed","Wed Oct 29 03:52:44 UTC 2025","","","",""
"","0","returns site defaultOgImage if hero is undefined","heroHelper tests","Wed Oct 29 03:52:50 UTC 2025","passed","Wed Oct 29 03:52:50 UTC 2025","getHeroImage","trimInput","",""
"","0","Middleware - handlerFilter","@withstudiocms/effect Package Tests","Wed Oct 29 03:52:35 UTC 2025","passed","Wed Oct 29 03:52:35 UTC 2025","handlerFilter Tests","Middleware Utility Tests","",""
"","0","handles empty string","Utils","Wed Oct 29 03:52:44 UTC 2025","passed","Wed Oct 29 03:52:44 UTC 2025","","firstUpperCase","",""
"","0","logs warning for type ""warn""","throwMsg","Wed Oct 29 03:52:28 UTC 2025","passed","Wed Oct 29 03:52:28 UTC 2025","","","",""
"","0","type allows empty object","WYSIWYG Types and Schema","Wed Oct 29 03:52:36 UTC 2025","passed","Wed Oct 29 03:52:36 UTC 2025","","WYSIWYGSchemaOptions type","",""
"","0","should ignore unknown keys in FormData","getEnabledNotificationCheckboxes","Wed Oct 29 03:53:02 UTC 2025","passed","Wed Oct 29 03:53:02 UTC 2025","","","",""
"","6","render component with content","Virtual Components Container tests","Wed Oct 29 03:53:05 UTC 2025","passed","Wed Oct 29 03:53:05 UTC 2025","","Renderer component","",""
"","0","should return the value of an existing cookie","getCookie","Wed Oct 29 03:52:59 UTC 2025","passed","Wed Oct 29 03:52:59 UTC 2025","","","",""
"","0","should reject invalid verbose type","schema","Wed Oct 29 03:52:46 UTC 2025","passed","Wed Oct 29 03:52:46 UTC 2025","","StudioCMSDevAppsSchema","",""
"","4","Editor with complex content","Editor component","Wed Oct 29 03:52:32 UTC 2025","passed","Wed Oct 29 03:52:32 UTC 2025","","","",""
"","1","Utility - integrationLogger does not log info/debug when verbose is false for logLevel warn","@withstudiocms/component-registry Package Tests","Wed Oct 29 03:52:24 UTC 2025","passed","Wed Oct 29 03:52:24 UTC 2025","integrationLogger Tests","Utility Tests","",""
"","2","should have correct structure for each image","validImages","Wed Oct 29 03:53:06 UTC 2025","passed","Wed Oct 29 03:53:06 UTC 2025","","","",""
"","0","TemplateEngine - Should handle templates with no variables","@withstudiocms/template-lang Package Tests","Wed Oct 29 03:52:16 UTC 2025","passed","Wed Oct 29 03:52:16 UTC 2025","TemplateEngine - Should handle templates with no variables","TemplateEngine Tests","",""
"","34","User Module - createUserAvatar returns a valid Libravatar URL","@withstudiocms/auth-kit Package Tests","Wed Oct 29 03:52:21 UTC 2025","passed","Wed Oct 29 03:52:21 UTC 2025","createUserAvatar Tests","User Module Tests","",""
"","1","should create a plugin with Astro flavor options","studiocmsMD","Wed Oct 29 03:52:19 UTC 2025","passed","Wed Oct 29 03:52:19 UTC 2025","","plugin creation","",""
"","0","handles unicode characters","Utils","Wed Oct 29 03:52:44 UTC 2025","passed","Wed Oct 29 03:52:44 UTC 2025","","firstUpperCase","",""
"","27","render component","Components Container tests","Wed Oct 29 03:52:33 UTC 2025","passed","Wed Oct 29 03:52:33 UTC 2025","TitleTags","Shared components","",""
"","0","should validate settings page schema","SettingsPageSchema","Wed Oct 29 03:52:36 UTC 2025","passed","Wed Oct 29 03:52:36 UTC 2025","","","",""
"","0","should have a Reset Password button with correct styles","passwordReset template","Wed Oct 29 03:53:05 UTC 2025","passed","Wed Oct 29 03:53:05 UTC 2025","","","",""
"","0","defaults cacheConfig properties","ProcessedSDKSchema","Wed Oct 29 03:52:44 UTC 2025","passed","Wed Oct 29 03:52:44 UTC 2025","","","",""
"","0","generates correct XML for empty entries","template","Wed Oct 29 03:52:55 UTC 2025","passed","Wed Oct 29 03:52:55 UTC 2025","","","",""
"","0","Utility - dedent correctly dedents input","@withstudiocms/component-registry Package Tests","Wed Oct 29 03:52:24 UTC 2025","passed","Wed Oct 29 03:52:24 UTC 2025","dedent Tests","Utility Tests","",""
"","1","should resolve plain built-in modules","nodeNamespaceBuiltinsAstro","Wed Oct 29 03:53:00 UTC 2025","passed","Wed Oct 29 03:53:00 UTC 2025","","resolveBuiltIns","",""
"","1","decode-data-xml - should contain the correct char codes","@withstudiocms/component-registry Package Tests","Wed Oct 29 03:53:03 UTC 2025","passed","Wed Oct 29 03:53:03 UTC 2025","decode-data-xml Tests","Component Proxy Tests","",""
"","2","SiteConfigMapID should be ""__StudioCMS_Site_Config""","StudioCMS SDK Constants","Wed Oct 29 03:53:09 UTC 2025","passed","Wed Oct 29 03:53:09 UTC 2025","","","",""
"","2","should add app-toggled event listener","app-utils","Wed Oct 29 03:52:33 UTC 2025","passed","Wed Oct 29 03:52:33 UTC 2025","","closeOnOutsideClick","",""
"","0","returns site defaultOgImage if hero is empty string","heroHelper tests","Wed Oct 29 03:52:50 UTC 2025","passed","Wed Oct 29 03:52:50 UTC 2025","getHeroImage","trimInput","",""
"","1","returns isValid=false for expired token","generateJwt & verifyJwt","Wed Oct 29 03:52:47 UTC 2025","passed","Wed Oct 29 03:52:47 UTC 2025","","","",""
"","0","returns yellow for >0.25 and <=0.5","webVitalsUtils","Wed Oct 29 03:52:23 UTC 2025","passed","Wed Oct 29 03:52:23 UTC 2025","","progressBarClsColor","",""
"","2","should create an error with correct properties","ValidateAuthCodeError","Wed Oct 29 03:52:59 UTC 2025","passed","Wed Oct 29 03:52:59 UTC 2025","","","",""
"","0","replaceCodePoint with input: 57343","@withstudiocms/component-registry Package Tests","Wed Oct 29 03:52:57 UTC 2025","passed","Wed Oct 29 03:52:57 UTC 2025","replaceCodePoint Tests","Component Proxy Tests","",""
"","1","fails on invalid JSON in pageMetaData","SDKCore_Parsers","Wed Oct 29 03:52:45 UTC 2025","passed","Wed Oct 29 03:52:45 UTC 2025","","fixDiff","",""
"","0","should have studiocms:config:setup hook","studiocmsMD","Wed Oct 29 03:52:19 UTC 2025","passed","Wed Oct 29 03:52:19 UTC 2025","","plugin hooks","",""
"","5","should create window element with correct properties","app-utils","Wed Oct 29 03:52:33 UTC 2025","passed","Wed Oct 29 03:52:33 UTC 2025","","createWindowElement","",""
"","33","Editor with props","Editor component","Wed Oct 29 03:52:32 UTC 2025","passed","Wed Oct 29 03:52:32 UTC 2025","","","",""
"","1","should not dispatch toggle-app event when additionalCheck returns true","app-utils","Wed Oct 29 03:52:33 UTC 2025","passed","Wed Oct 29 03:52:33 UTC 2025","","closeOnOutsideClick","",""
"","0","should create UseBlogPkgConfig with useBlogPkg true","WordPress API Configs","Wed Oct 29 03:52:23 UTC 2025","passed","Wed Oct 29 03:52:23 UTC 2025","","UseBlogPkgConfig","",""
"","0","should resolve built-in subpaths","nodeNamespaceBuiltinsAstro","Wed Oct 29 03:53:00 UTC 2025","passed","Wed Oct 29 03:53:00 UTC 2025","","resolveBuiltIns","",""
"","1","plugin sets up virtual imports","StudioCMS MarkDoc Plugin","Wed Oct 29 03:52:33 UTC 2025","passed","Wed Oct 29 03:52:33 UTC 2025","","","",""
"","2","Response Helpers - createTextResponse","@withstudiocms/effect Package Tests","Wed Oct 29 03:52:24 UTC 2025","passed","Wed Oct 29 03:52:24 UTC 2025","createTextResponse Tests","Response Helpers Tests","",""
"","0","should handle complex nested JSON structures","readJson","Wed Oct 29 03:52:56 UTC 2025","passed","Wed Oct 29 03:52:56 UTC 2025","","","",""
"","0","should have studiocms:config:setup hook","@studiocms/github","Wed Oct 29 03:52:37 UTC 2025","passed","Wed Oct 29 03:52:37 UTC 2025","","hook implementation","",""
"","0","should not add items to any array if name does not match collect","buildDataObject","Wed Oct 29 03:52:45 UTC 2025","passed","Wed Oct 29 03:52:45 UTC 2025","","","",""
"","0","Utility - convertUnderscoresToHyphens converts ""hello_world_test_case"" to ""hello-world-test-case""","@withstudiocms/component-registry Package Tests","Wed Oct 29 03:52:24 UTC 2025","passed","Wed Oct 29 03:52:24 UTC 2025","convertUnderscoresToHyphens Tests","Utility Tests","",""
"","0","Libravatar Utils - sanitizedTarget","@withstudiocms/auth-kit Package Tests","Wed Oct 29 03:52:25 UTC 2025","passed","Wed Oct 29 03:52:25 UTC 2025","sanitizedTarget Tests","Libravatar Utility Tests","",""
"","0","should resolve namespaced built-in subpaths","nodeNamespaceBuiltinsAstro","Wed Oct 29 03:53:00 UTC 2025","passed","Wed Oct 29 03:53:00 UTC 2025","","resolveBuiltIns","",""
"","3","User Utility - verifyUsernameLength","@withstudiocms/auth-kit Package Tests","Wed Oct 29 03:52:40 UTC 2025","passed","Wed Oct 29 03:52:40 UTC 2025","verifyUsernameLength Tests","User Utility Tests","",""
"","4","should wrap generator function with logging","genLogger","Wed Oct 29 03:52:48 UTC 2025","passed","Wed Oct 29 03:52:48 UTC 2025","","","",""
"","1","should validate complete post data","WordPress API Schema","Wed Oct 29 03:52:23 UTC 2025","passed","Wed Oct 29 03:52:23 UTC 2025","","Post","",""
"","1","Session Module - deleteSessionTokenCookie sets cookie with empty value and maxAge 0","@withstudiocms/auth-kit Package Tests","Wed Oct 29 03:52:27 UTC 2025","passed","Wed Oct 29 03:52:27 UTC 2025","deleteSessionTokenCookie Tests","Session Module Tests","",""
"","1","should create AstroAPIContextProvider with context","WordPress API Configs","Wed Oct 29 03:52:23 UTC 2025","passed","Wed Oct 29 03:52:23 UTC 2025","","AstroAPIContextProvider","",""
"","0","should parse valid core metrics","CoreWebVitalsMetricTypeSchema","Wed Oct 29 03:52:51 UTC 2025","passed","Wed Oct 29 03:52:51 UTC 2025","","","",""
"","0","Middleware - matchFilterCheck","@withstudiocms/effect Package Tests","Wed Oct 29 03:52:35 UTC 2025","passed","Wed Oct 29 03:52:35 UTC 2025","matchFilterCheck Tests","Middleware Utility Tests","",""
"","7","ComponentRegistry - validateProps - both missing and unknown props","@withstudiocms/component-registry Package Tests","Wed Oct 29 03:52:19 UTC 2025","passed","Wed Oct 29 03:52:19 UTC 2025","validateProps Tests","Component Registry Tests","",""
"","0","returns undefined when opt is null","preRender","Wed Oct 29 03:52:55 UTC 2025","passed","Wed Oct 29 03:52:55 UTC 2025","","parseCallouts","",""
"","0","CheckIfUnsafe.password - should return false for password ""uniquepassword123""","@withstudiocms/auth-kit Package Tests","Wed Oct 29 03:53:05 UTC 2025","passed","Wed Oct 29 03:53:05 UTC 2025","CheckIfUnsafe.password Tests","CheckIfUnsafe Tests","",""
"","0","should have studiocms:config:setup hook","@studiocms/discord","Wed Oct 29 03:52:36 UTC 2025","passed","Wed Oct 29 03:52:36 UTC 2025","","hook implementation","",""
"","0","returns green for <=0.25","webVitalsUtils","Wed Oct 29 03:52:23 UTC 2025","passed","Wed Oct 29 03:52:23 UTC 2025","","clsTextColor","",""
"","0","decodeCodePoint with input: 8364 (Deprecated)","@withstudiocms/component-registry Package Tests","Wed Oct 29 03:52:57 UTC 2025","passed","Wed Oct 29 03:52:57 UTC 2025","decodeCodePoint Tests (Deprecated)","Component Proxy Tests","",""
"","0","preserves type information through generic parameter","Utils","Wed Oct 29 03:52:44 UTC 2025","passed","Wed Oct 29 03:52:44 UTC 2025","","parse","",""
"","1","should reject non-boolean discordSubtext","studiocmsMD","Wed Oct 29 03:52:19 UTC 2025","passed","Wed Oct 29 03:52:19 UTC 2025","","schema validation","",""
"","0","createMockLogger delegates to console and supports fork","StudioCMSPluginTester","Wed Oct 29 03:52:47 UTC 2025","passed","Wed Oct 29 03:52:47 UTC 2025","","","",""
"","0","TemplateEngine - Should detect if template has variables","@withstudiocms/template-lang Package Tests","Wed Oct 29 03:52:16 UTC 2025","passed","Wed Oct 29 03:52:16 UTC 2025","TemplateEngine - Should detect if template has variables","TemplateEngine Tests","",""
"","1","Utility - integrationLogger does not log info/debug when verbose is false for logLevel debug","@withstudiocms/component-registry Package Tests","Wed Oct 29 03:52:24 UTC 2025","passed","Wed Oct 29 03:52:24 UTC 2025","integrationLogger Tests","Utility Tests","",""
"","11","updates label text","updateElmLabel","Wed Oct 29 03:53:14 UTC 2025","passed","Wed Oct 29 03:53:14 UTC 2025","","","",""
"","9","User Utility - verifyUsernameSafe","@withstudiocms/auth-kit Package Tests","Wed Oct 29 03:52:40 UTC 2025","passed","Wed Oct 29 03:52:40 UTC 2025","verifyUsernameSafe Tests","User Utility Tests","",""
"","0","returns false for a date older than 30 days","withinLast30Days","Wed Oct 29 03:53:05 UTC 2025","passed","Wed Oct 29 03:53:05 UTC 2025","","","",""
"","0","Password Utility - constantTimeEqual - should return false for inputs ""abc"" and ""abcd""","@withstudiocms/auth-kit Package Tests","Wed Oct 29 03:52:41 UTC 2025","passed","Wed Oct 29 03:52:41 UTC 2025","constantTimeEqual Tests","Password Utility Tests","",""
"","0","should export theme color","consts.ts","Wed Oct 29 03:52:35 UTC 2025","passed","Wed Oct 29 03:52:35 UTC 2025","","","",""
"","1","Utility - integrationLogger does not log info/debug when verbose is false for logLevel info","@withstudiocms/component-registry Package Tests","Wed Oct 29 03:52:24 UTC 2025","passed","Wed Oct 29 03:52:24 UTC 2025","integrationLogger Tests","Utility Tests","",""
"","5","converts milliseconds to seconds","webVitalsUtils","Wed Oct 29 03:52:23 UTC 2025","passed","Wed Oct 29 03:52:23 UTC 2025","","msToSeconds","",""
"","2","accepts a valid plugin list item","SafePluginListItemSchema","Wed Oct 29 03:52:52 UTC 2025","passed","Wed Oct 29 03:52:52 UTC 2025","","","",""
"","1","TemplateEngine - Should compile templates for reuse","@withstudiocms/template-lang Package Tests","Wed Oct 29 03:52:16 UTC 2025","passed","Wed Oct 29 03:52:16 UTC 2025","TemplateEngine - Should compile templates for reuse","TemplateEngine Tests","",""
"","4","should allow valid colorway values","StudioCMSColorway","Wed Oct 29 03:52:36 UTC 2025","passed","Wed Oct 29 03:52:36 UTC 2025","","","",""
"","0","should have correct plugin identifier","@studiocms/google","Wed Oct 29 03:52:37 UTC 2025","passed","Wed Oct 29 03:52:37 UTC 2025","","plugin structure","",""
"","5","render component","Components Container tests","Wed Oct 29 03:52:33 UTC 2025","passed","Wed Oct 29 03:52:33 UTC 2025","OAuthButtonStack component","Auth components","",""
"","0","returns green for <=2.5s","webVitalsUtils","Wed Oct 29 03:52:23 UTC 2025","passed","Wed Oct 29 03:52:23 UTC 2025","","lcpTextColor","",""
"","0","includes the provided link in the button and as plain text","userInvite template","Wed Oct 29 03:53:07 UTC 2025","passed","Wed Oct 29 03:53:07 UTC 2025","","","",""
"","0","should allow custom blog config","FrontEndConfigSchema","Wed Oct 29 03:52:58 UTC 2025","passed","Wed Oct 29 03:52:58 UTC 2025","","","",""
"","0","should reject post data with invalid format","WordPress API Schema","Wed Oct 29 03:52:23 UTC 2025","passed","Wed Oct 29 03:52:23 UTC 2025","","Post","",""
"","1","Password Utility - verifyPasswordLength - should return ""Password must be between 6 and 255 characters long."" for input ""aaaaaaaaaaaaaaaaaaaaaaaaaaaaaaaaaaaaaaaaaaaaaaaaaaaaaaaaaaaaaaaaaaaaaaaaaaaaaaaaaaaaaaaaaaaaaaaaaaaaaaaaaaaaaaaaaaaaaaaaaaaaaaaaaaaaaaaaaaaaaaaaaaaaaaaaaaaaaaaaaaaaaaaaaaaaaaaaaaaaaaaaaaaaaaaaaaaaaaaaaaaaaaaaaaaaaaaaaaaaaaaaaaaaaaaaaaaaaaaaaaaaaaaaaaaaaaaa""","@withstudiocms/auth-kit Package Tests","Wed Oct 29 03:52:41 UTC 2025","passed","Wed Oct 29 03:52:41 UTC 2025","verifyPasswordLength Tests","Password Utility Tests","",""
"","1","User Utility - parseRequiredPerms","@withstudiocms/auth-kit Package Tests","Wed Oct 29 03:52:40 UTC 2025","passed","Wed Oct 29 03:52:40 UTC 2025","parseRequiredPerms Tests","User Utility Tests","",""
"","0","returns sitemap line for valid string","generateSitemapContent","Wed Oct 29 03:52:28 UTC 2025","passed","Wed Oct 29 03:52:28 UTC 2025","","","",""
"","0","parses arrays","Utils","Wed Oct 29 03:52:44 UTC 2025","passed","Wed Oct 29 03:52:44 UTC 2025","","parse","",""
"","0","calculates average and rounds to two decimals","webVitalsUtils","Wed Oct 29 03:52:23 UTC 2025","passed","Wed Oct 29 03:52:23 UTC 2025","","calculateInpAverage","",""
"","0","should validate single sidebar page","DashboardPageSchema","Wed Oct 29 03:52:36 UTC 2025","passed","Wed Oct 29 03:52:36 UTC 2025","","","",""
"","0","fileWithBase - Strips leading slash and prepends one","@withstudiocms/internal_helpers Package Tests","Wed Oct 29 03:52:24 UTC 2025","passed","Wed Oct 29 03:52:24 UTC 2025","fileWithBase - Strips leading slash and prepends one","Path Generators Tests","",""
"","1","handles error responses","WYSIWYG Store Route","Wed Oct 29 03:52:24 UTC 2025","passed","Wed Oct 29 03:52:24 UTC 2025","","","",""
"","2","should create a Logger instance and log at correct level","makeLogger","Wed Oct 29 03:52:48 UTC 2025","passed","Wed Oct 29 03:52:48 UTC 2025","","","",""
"","1","should use package name in integration name","Cloudinary Image Service Plugin","Wed Oct 29 03:52:21 UTC 2025","passed","Wed Oct 29 03:52:21 UTC 2025","","integration name","",""
"","0","makeNonDashboardRoute returns correct route with argument","routeMap","Wed Oct 29 03:52:35 UTC 2025","passed","Wed Oct 29 03:52:35 UTC 2025","","","",""
"","0","StudioCMSRoutes.sdk contains expected keys","routeMap","Wed Oct 29 03:52:35 UTC 2025","passed","Wed Oct 29 03:52:35 UTC 2025","","","",""
"","0","User Utility - verifyUsernameLength","@withstudiocms/auth-kit Package Tests","Wed Oct 29 03:52:40 UTC 2025","passed","Wed Oct 29 03:52:40 UTC 2025","verifyUsernameLength Tests","User Utility Tests","",""
"","5","should handle evaluation errors gracefully","renderMDX","Wed Oct 29 03:52:16 UTC 2025","passed","Wed Oct 29 03:52:16 UTC 2025","","","",""
"","0","should allow overriding features","StudioCMSOptionsSchema","Wed Oct 29 03:52:57 UTC 2025","passed","Wed Oct 29 03:52:57 UTC 2025","","","",""
"","0","should handle empty endpoint path","pathGenerator utilities","Wed Oct 29 03:52:50 UTC 2025","passed","Wed Oct 29 03:52:50 UTC 2025","","pathGenerator","",""
"","0","excludes drafts if includeDrafts is false","filterPagesByDraftAndIndex","Wed Oct 29 03:52:32 UTC 2025","passed","Wed Oct 29 03:52:32 UTC 2025","","","",""
"","3","calls fetch with correct arguments and shows success toast on register","formListener","Wed Oct 29 03:53:14 UTC 2025","passed","Wed Oct 29 03:53:14 UTC 2025","","","",""
"","4","returns empty array if no input","processWebVitalsRouteSummary","Wed Oct 29 03:52:46 UTC 2025","passed","Wed Oct 29 03:52:46 UTC 2025","","","",""
"","0","should handle empty JSON object","readJson","Wed Oct 29 03:52:56 UTC 2025","passed","Wed Oct 29 03:52:56 UTC 2025","","","",""
"","6","Scrypt - ScryptConfig Make and Context Provisioning","@withstudiocms/effect Package Tests","Wed Oct 29 03:52:17 UTC 2025","passed","Wed Oct 29 03:52:17 UTC 2025","ScryptConfig Tests","Scrypt Service Tests","",""
"","4","renders editor without page id","WYSIWYG Editor Component","Wed Oct 29 03:52:59 UTC 2025","passed","Wed Oct 29 03:52:59 UTC 2025","","","",""
"","0","PageFolderTreeMapID should be ""__StudioCMS_Page_Folder_Tree""","StudioCMS SDK Constants","Wed Oct 29 03:53:09 UTC 2025","passed","Wed Oct 29 03:53:09 UTC 2025","","","",""
"","0","should create layer with makeLayer","WordPress API Configs","Wed Oct 29 03:52:23 UTC 2025","passed","Wed Oct 29 03:52:23 UTC 2025","","UseBlogPkgConfig","",""
"","3","should throw AstroError if url is malformed","getUrlParam","Wed Oct 29 03:52:59 UTC 2025","passed","Wed Oct 29 03:52:59 UTC 2025","","","",""
"","0","should allow updating htmlConfig","shared module","Wed Oct 29 03:52:47 UTC 2025","passed","Wed Oct 29 03:52:47 UTC 2025","","shared object","",""
"","4","should create a plugin with correct metadata","@studiocms/github","Wed Oct 29 03:52:37 UTC 2025","passed","Wed Oct 29 03:52:37 UTC 2025","","plugin creation","",""
"","0","Middleware - handlerFilter","@withstudiocms/effect Package Tests","Wed Oct 29 03:52:35 UTC 2025","passed","Wed Oct 29 03:52:35 UTC 2025","handlerFilter Tests","Middleware Utility Tests","",""
"","0","should add items to last24HoursData if isInLast24Hours is true","buildDataObject","Wed Oct 29 03:52:45 UTC 2025","passed","Wed Oct 29 03:52:45 UTC 2025","","","",""
"","9","Handler - resolver - returns Effect-wrapped resolver function that resolves paths correctly","@withstudiocms/component-registry Package Tests","Wed Oct 29 03:52:55 UTC 2025","passed","Wed Oct 29 03:52:55 UTC 2025","resolver Tests","Astro Handler Tests","",""
"","58","Password Module - hashPassword produces a secure password string","@withstudiocms/auth-kit Package Tests","Wed Oct 29 03:52:48 UTC 2025","passed","Wed Oct 29 03:52:48 UTC 2025","hashPassword Tests","Password Module Tests","",""
"","4","Editor with no props","MDX Editor component","Wed Oct 29 03:52:45 UTC 2025","passed","Wed Oct 29 03:52:45 UTC 2025","","Edge cases","",""
"","0","should return undefined for relative paths","nodeNamespaceBuiltinsAstro","Wed Oct 29 03:53:00 UTC 2025","passed","Wed Oct 29 03:53:00 UTC 2025","","resolveBuiltIns","",""
"returns empty string for empty input","0","convertToSafeString - returns empty string for empty input","@withstudiocms/internal_helpers Package Tests","Wed Oct 29 03:52:17 UTC 2025","passed","Wed Oct 29 03:52:17 UTC 2025","convertToSafeString - returns empty string for empty input","Utility Functions","",""
"","0","ensureLeadingAndTrailingSlashes adds both slashes","@withstudiocms/internal_helpers Package Tests","Wed Oct 29 03:52:25 UTC 2025","passed","Wed Oct 29 03:52:25 UTC 2025","ensureLeadingAndTrailingSlashes adds both slashes","Path Generators Tests","",""
"","1","should configure Discord OAuth provider in studiocms config hook","@studiocms/discord","Wed Oct 29 03:52:36 UTC 2025","passed","Wed Oct 29 03:52:36 UTC 2025","","hooks","",""
"","0","remapFilterSitemap filters by package and handles empty array","getBlogRoute","Wed Oct 29 03:52:53 UTC 2025","passed","Wed Oct 29 03:52:53 UTC 2025","","","",""
"","0","Libravatar Utils - srvHostname with 0 records","@withstudiocms/auth-kit Package Tests","Wed Oct 29 03:52:25 UTC 2025","passed","Wed Oct 29 03:52:25 UTC 2025","srvHostname Tests","Libravatar Utility Tests","",""
"trims leading and trailing underscores","0","convertToSafeString - trims leading and trailing underscores","@withstudiocms/internal_helpers Package Tests","Wed Oct 29 03:52:17 UTC 2025","passed","Wed Oct 29 03:52:17 UTC 2025","convertToSafeString - trims leading and trailing underscores","Utility Functions","",""
"","14","renders basic markdown to HTML","parseMarkdown","Wed Oct 29 03:53:08 UTC 2025","passed","Wed Oct 29 03:53:08 UTC 2025","","","",""
"","0","Middleware - handlerFilter","@withstudiocms/effect Package Tests","Wed Oct 29 03:52:35 UTC 2025","passed","Wed Oct 29 03:52:35 UTC 2025","handlerFilter Tests","Middleware Utility Tests","",""
"","9","should generate Cloudinary URL for local image","cloudinaryImageService","Wed Oct 29 03:52:28 UTC 2025","passed","Wed Oct 29 03:52:28 UTC 2025","","successful image generation","",""
"","1","returns a valid fallback site config object","makeFallbackSiteConfig","Wed Oct 29 03:52:42 UTC 2025","passed","Wed Oct 29 03:52:42 UTC 2025","","","",""
"","0","handles object with cacheConfig boolean","SDKSchema","Wed Oct 29 03:52:44 UTC 2025","passed","Wed Oct 29 03:52:44 UTC 2025","","","",""
"","0","decodeCodePoint with input: 136 (Deprecated)","@withstudiocms/component-registry Package Tests","Wed Oct 29 03:52:57 UTC 2025","passed","Wed Oct 29 03:52:57 UTC 2025","decodeCodePoint Tests (Deprecated)","Component Proxy Tests","",""
"replaces non-alphanumeric with underscores and lowercases","0","convertToSafeString - replaces non-alphanumeric with underscores and lowercases","@withstudiocms/internal_helpers Package Tests","Wed Oct 29 03:52:17 UTC 2025","passed","Wed Oct 29 03:52:17 UTC 2025","convertToSafeString - replaces non-alphanumeric with underscores and lowercases","Utility Functions","",""
"","0","Libravatar Utils - parseUserIdentity with input {""openid"":""https://user:pass@openid.example.com/path""}","@withstudiocms/auth-kit Package Tests","Wed Oct 29 03:52:25 UTC 2025","passed","Wed Oct 29 03:52:25 UTC 2025","parseUserIdentity Tests","Libravatar Utility Tests","",""
"","5","updates toggle label text","updateToggleElmLabel","Wed Oct 29 03:53:14 UTC 2025","passed","Wed Oct 29 03:53:14 UTC 2025","","","",""
"","0","TemplateEngine - Should handle missing variables in non-strict mode","@withstudiocms/template-lang Package Tests","Wed Oct 29 03:52:16 UTC 2025","passed","Wed Oct 29 03:52:16 UTC 2025","TemplateEngine - Should handle missing variables in non-strict mode","TemplateEngine Tests","",""
"throws on unknown semver category","2","loadChangelog - throws on unknown semver category","@withstudiocms/internal_helpers Package Tests","Wed Oct 29 03:52:17 UTC 2025","passed","Wed Oct 29 03:52:17 UTC 2025","loadChangelog - throws on unknown semver category","Utility Functions","",""
"","0","should return StudioCMSOptions type","defineStudioCMSConfig","Wed Oct 29 03:53:09 UTC 2025","passed","Wed Oct 29 03:53:09 UTC 2025","","","",""
"","0","should have the correct description","shared module","Wed Oct 29 03:52:47 UTC 2025","passed","Wed Oct 29 03:52:47 UTC 2025","","symbol","",""
"","1","Errors - toComponentProxyError - Handle errors without message property","@withstudiocms/component-registry Package Tests","Wed Oct 29 03:52:36 UTC 2025","passed","Wed Oct 29 03:52:36 UTC 2025","toComponentProxyError Tests","Error Tests","",""
"","1","Utility - integrationLogger does not log info/debug when verbose is false for logLevel error","@withstudiocms/component-registry Package Tests","Wed Oct 29 03:52:24 UTC 2025","passed","Wed Oct 29 03:52:24 UTC 2025","integrationLogger Tests","Utility Tests","",""
"","2","should return an AstroIntegration object with correct name","nodeNamespaceBuiltinsAstro","Wed Oct 29 03:53:00 UTC 2025","passed","Wed Oct 29 03:53:00 UTC 2025","","","",""
"","0","should reject page data with missing required fields","WordPress API Schema","Wed Oct 29 03:52:23 UTC 2025","passed","Wed Oct 29 03:52:23 UTC 2025","","Page","",""
"","1","returns { theme: ""obsidian"" } when opt is ""obsidian""","preRender","Wed Oct 29 03:52:55 UTC 2025","passed","Wed Oct 29 03:52:55 UTC 2025","","parseCallouts","",""
"","2","Context Utils - readAPIContextFormData","@withstudiocms/effect Package Tests","Wed Oct 29 03:52:26 UTC 2025","passed","Wed Oct 29 03:52:26 UTC 2025","readAPIContextFormData Tests","Context Utils Tests","",""
"","5","Session Utility - makeSessionId returns a valid hex string for a token","@withstudiocms/auth-kit Package Tests","Wed Oct 29 03:52:51 UTC 2025","passed","Wed Oct 29 03:52:51 UTC 2025","makeSessionId Tests","Session Utility Tests","",""
"","4","should return the verifyEmail template","getTemplate","Wed Oct 29 03:53:13 UTC 2025","passed","Wed Oct 29 03:53:13 UTC 2025","","","",""
"","5","Scrypt - Service Tests - Should work with key length: 128","@withstudiocms/effect Package Tests","Wed Oct 29 03:52:18 UTC 2025","passed","Wed Oct 29 03:52:18 UTC 2025","ScryptService Tests","Scrypt Service Tests","",""
"","0","should handle route with leading slash","makePublicRoute","Wed Oct 29 03:53:09 UTC 2025","passed","Wed Oct 29 03:53:09 UTC 2025","","","",""
"","2","Drizzle - makeQuery - Should call queryFn with execute and input","@withstudiocms/effect Package Tests","Wed Oct 29 03:52:28 UTC 2025","passed","Wed Oct 29 03:52:28 UTC 2025","DrizzleDBClientService.makeQuery Tests","Drizzle Service Tests","",""
"","11","SMTPService - Should initialize with valid config","@withstudiocms/effect Package Tests","Wed Oct 29 03:52:21 UTC 2025","passed","Wed Oct 29 03:52:21 UTC 2025","SMTPService Initialization Tests","SMTP Service Tests","",""
"","3","render component no props","Components Container tests","Wed Oct 29 03:52:33 UTC 2025","passed","Wed Oct 29 03:52:33 UTC 2025","StaticAuthCheck component","Auth components","",""
"","1","getLatestVersion - Handles write errors gracefully","@withstudiocms/internal_helpers Package Tests","Wed Oct 29 03:52:16 UTC 2025","passed","Wed Oct 29 03:52:16 UTC 2025","getLatestVersion - Handles write errors gracefully","Astro Integration Utility Tests","",""
"","11","createRenderer function is available","WYSIWYG Partial Route","Wed Oct 29 03:52:59 UTC 2025","passed","Wed Oct 29 03:52:59 UTC 2025","","","",""
"","0","TemplateEngine - Nested property access","@withstudiocms/template-lang Package Tests","Wed Oct 29 03:52:16 UTC 2025","passed","Wed Oct 29 03:52:16 UTC 2025","TemplateEngine - Nested property access","TemplateEngine Tests","",""
"","0","decodeHTMLStrict with input: foo &amp; bar","@withstudiocms/component-registry Package Tests","Wed Oct 29 03:52:28 UTC 2025","passed","Wed Oct 29 03:52:28 UTC 2025","decodeHTMLStrict Tests","Component Proxy Tests","",""
"","0","should allow overriding locale settings","StudioCMSOptionsSchema","Wed Oct 29 03:52:57 UTC 2025","passed","Wed Oct 29 03:52:57 UTC 2025","","","",""
"","3","returns isValid=false for tampered signature","generateJwt & verifyJwt","Wed Oct 29 03:52:47 UTC 2025","passed","Wed Oct 29 03:52:47 UTC 2025","","","",""
"","0","decodeHTML with input: Euro: &euro;","@withstudiocms/component-registry Package Tests","Wed Oct 29 03:52:28 UTC 2025","passed","Wed Oct 29 03:52:28 UTC 2025","decodeHTML Tests","Component Proxy Tests","",""
"","8","Zod Utils - parseConfig Test","@withstudiocms/config-utils Package Tests","Wed Oct 29 03:52:39 UTC 2025","passed","Wed Oct 29 03:52:39 UTC 2025","parseConfig Tests","Zod Utility Tests","",""
"","2","renders editor with complex HTML content","WYSIWYG Editor Component","Wed Oct 29 03:52:59 UTC 2025","passed","Wed Oct 29 03:52:59 UTC 2025","","","",""
"","0","Utility - dedent correctly dedents input","@withstudiocms/component-registry Package Tests","Wed Oct 29 03:52:24 UTC 2025","passed","Wed Oct 29 03:52:24 UTC 2025","dedent Tests","Utility Tests","",""
"","5","Response Helpers - OptionsResponse","@withstudiocms/effect Package Tests","Wed Oct 29 03:52:24 UTC 2025","passed","Wed Oct 29 03:52:24 UTC 2025","OptionsResponse Tests","Response Helpers Tests","",""
"","5","Editor with empty content","Editor component","Wed Oct 29 03:52:32 UTC 2025","passed","Wed Oct 29 03:52:32 UTC 2025","","","",""
"","3","Middleware - matchFilterCheck","@withstudiocms/effect Package Tests","Wed Oct 29 03:52:35 UTC 2025","passed","Wed Oct 29 03:52:35 UTC 2025","matchFilterCheck Tests","Middleware Utility Tests","",""
"","0","TemplateEngine - Should handle multiple variables","@withstudiocms/template-lang Package Tests","Wed Oct 29 03:52:16 UTC 2025","passed","Wed Oct 29 03:52:16 UTC 2025","TemplateEngine - Should handle multiple variables","TemplateEngine Tests","",""
"","0","should export GhostUserDefaults","consts.ts","Wed Oct 29 03:52:35 UTC 2025","passed","Wed Oct 29 03:52:35 UTC 2025","","","",""
"","0","ValidRanks should be a readonly set","consts.ts","Wed Oct 29 03:52:35 UTC 2025","passed","Wed Oct 29 03:52:35 UTC 2025","","","",""
"","24","updates document title, meta description, and lang","documentUpdater","Wed Oct 29 03:53:14 UTC 2025","passed","Wed Oct 29 03:53:14 UTC 2025","","","",""
"","0","HeadConfigSchema - Applies defaults","@withstudiocms/internal_helpers Package Tests","Wed Oct 29 03:52:21 UTC 2025","passed","Wed Oct 29 03:52:21 UTC 2025","HeadConfigSchema - Applies defaults","HeadConfigSchema Tests","",""
"","1","should handle unknown properties gracefully","studiocmsHTML","Wed Oct 29 03:52:35 UTC 2025","passed","Wed Oct 29 03:52:35 UTC 2025","","plugin creation","",""
"","8","renders GFM tables","parseMarkdown","Wed Oct 29 03:53:08 UTC 2025","passed","Wed Oct 29 03:53:08 UTC 2025","","","",""
"","3","validates empty object as default","WYSIWYG Types and Schema","Wed Oct 29 03:52:36 UTC 2025","passed","Wed Oct 29 03:52:36 UTC 2025","","WYSIWYGSchema","",""
"","0","should validate navigation links","FrontendNavigationLinksSchema","Wed Oct 29 03:52:36 UTC 2025","passed","Wed Oct 29 03:52:36 UTC 2025","","","",""
"","4","TransformHTML Sanitization Test Case","@withstudiocms/component-registry Package Tests","Wed Oct 29 03:52:34 UTC 2025","passed","Wed Oct 29 03:52:34 UTC 2025","transformHTML Sanitization Tests","TransformHTML Tests","",""
"","1","should create a plugin with custom options","studiocmsMDX","Wed Oct 29 03:52:22 UTC 2025","passed","Wed Oct 29 03:52:22 UTC 2025","","plugin creation","",""
"","5","should call studiocms:astro:config hook with addIntegrations and set shared.htmlConfig","studiocmsHTML","Wed Oct 29 03:52:35 UTC 2025","passed","Wed Oct 29 03:52:35 UTC 2025","","plugin hooks","",""
"","1","Password Utility - verifySafe - should return ""undefined"" for input ""uniquepassword123""","@withstudiocms/auth-kit Package Tests","Wed Oct 29 03:52:41 UTC 2025","passed","Wed Oct 29 03:52:41 UTC 2025","verifySafe Tests","Password Utility Tests","",""
"","1","Deepmerge - merges nested objects deeply","@withstudiocms/effect Package Tests","Wed Oct 29 03:52:42 UTC 2025","passed","Wed Oct 29 03:52:42 UTC 2025","deepmerge Effect Tests","Deepmerge Utility Tests","",""
"","0","should have correct package identifier","studiocmsMDX","Wed Oct 29 03:52:22 UTC 2025","passed","Wed Oct 29 03:52:22 UTC 2025","","plugin configuration","",""
"","3","Editor with HTML content","Editor component","Wed Oct 29 03:52:32 UTC 2025","passed","Wed Oct 29 03:52:32 UTC 2025","","","",""
"","1","should export the same function as named export","studiocmsMD","Wed Oct 29 03:52:19 UTC 2025","passed","Wed Oct 29 03:52:19 UTC 2025","","default export","",""
"","0","should strip studiocms/ prefix","stripNameFromLabel","Wed Oct 29 03:52:48 UTC 2025","passed","Wed Oct 29 03:52:48 UTC 2025","","","",""
"","0","returns fallback if both hero and site defaultOgImage are empty","heroHelper tests","Wed Oct 29 03:52:50 UTC 2025","passed","Wed Oct 29 03:52:50 UTC 2025","getHeroImage","trimInput","",""
"","5","should throw error for invalid options","studiocmsHTML","Wed Oct 29 03:52:35 UTC 2025","passed","Wed Oct 29 03:52:35 UTC 2025","","plugin creation","",""
"","1","determineBranch returns valid index for valid branch (char: 97)","@withstudiocms/component-registry Package Tests","Wed Oct 29 03:52:28 UTC 2025","passed","Wed Oct 29 03:52:28 UTC 2025","determineBranch Tests","Component Proxy Tests","",""
"","0","returns NaN for empty array","webVitalsUtils","Wed Oct 29 03:52:23 UTC 2025","passed","Wed Oct 29 03:52:23 UTC 2025","","calculateInpAverage","",""
"","5","should call studiocms:astro:config hook with addIntegrations","studiocmsMD","Wed Oct 29 03:52:19 UTC 2025","passed","Wed Oct 29 03:52:19 UTC 2025","","plugin hooks","",""
"","0","CheckIfUnsafe.username - should return false for username ""not_reserved_user""","@withstudiocms/auth-kit Package Tests","Wed Oct 29 03:53:05 UTC 2025","passed","Wed Oct 29 03:53:05 UTC 2025","CheckIfUnsafe.username Tests","CheckIfUnsafe Tests","",""
"","0","validates project ID format","WYSIWYG Store Route","Wed Oct 29 03:52:24 UTC 2025","passed","Wed Oct 29 03:52:24 UTC 2025","","","",""
"","0","should generate SDK API route","sdkRouteResolver","Wed Oct 29 03:53:05 UTC 2025","passed","Wed Oct 29 03:53:05 UTC 2025","","","",""
"","1","parses valid JSON strings","Utils","Wed Oct 29 03:52:44 UTC 2025","passed","Wed Oct 29 03:52:44 UTC 2025","","parse","",""
"","1","GET returns empty sitemapindex if no sitemaps","GET","Wed Oct 29 03:52:55 UTC 2025","passed","Wed Oct 29 03:52:55 UTC 2025","","","",""
"","0","should have hooks object","@studiocms/discord","Wed Oct 29 03:52:36 UTC 2025","passed","Wed Oct 29 03:52:36 UTC 2025","","plugin structure","",""
"","0","accepts undefined (optional)","StudioCMSSanitizeOptionsSchema","Wed Oct 29 03:52:52 UTC 2025","passed","Wed Oct 29 03:52:52 UTC 2025","","","",""
"","2","should parse a valid route summary row","RouteSummaryRowSchema","Wed Oct 29 03:52:51 UTC 2025","passed","Wed Oct 29 03:52:51 UTC 2025","","","",""
"","0","should return true for a date within the last 30 days","checkDate","Wed Oct 29 03:53:02 UTC 2025","passed","Wed Oct 29 03:53:02 UTC 2025","","","",""
"","0","validates undefined as default","WYSIWYG Types and Schema","Wed Oct 29 03:52:36 UTC 2025","passed","Wed Oct 29 03:52:36 UTC 2025","","WYSIWYGSchema","",""
"","1","should require @studiocms/md plugin","studiocmsMDX","Wed Oct 29 03:52:22 UTC 2025","passed","Wed Oct 29 03:52:22 UTC 2025","","plugin requirements","",""
"","0","calculates score correctly","processWebVitalsRouteSummary","Wed Oct 29 03:52:46 UTC 2025","passed","Wed Oct 29 03:52:46 UTC 2025","","","",""
"","4","Buildkit CLI - build command with --bundle","@withstudiocms/buildkit Package Tests","Wed Oct 29 03:52:37 UTC 2025","passed","Wed Oct 29 03:52:37 UTC 2025","Buildkit CLI - build command with --bundle","CLI Tests","",""
"","0","User Utility - parseRequiredPerms","@withstudiocms/auth-kit Package Tests","Wed Oct 29 03:52:40 UTC 2025","passed","Wed Oct 29 03:52:40 UTC 2025","parseRequiredPerms Tests","User Utility Tests","",""
"","0","throws error for invalid allowElements type","WYSIWYG Types and Schema","Wed Oct 29 03:52:36 UTC 2025","passed","Wed Oct 29 03:52:36 UTC 2025","","WYSIWYGSchema","",""
"","1","validates sanitize options","WYSIWYG Types and Schema","Wed Oct 29 03:52:36 UTC 2025","passed","Wed Oct 29 03:52:36 UTC 2025","","WYSIWYGSchema","",""
"","0","TemplateEngine - Basic rendering of simple variables","@withstudiocms/template-lang Package Tests","Wed Oct 29 03:52:16 UTC 2025","passed","Wed Oct 29 03:52:16 UTC 2025","TemplateEngine - Basic rendering of simple variables","TemplateEngine Tests","",""
"","0","Middleware - handlerFilter","@withstudiocms/effect Package Tests","Wed Oct 29 03:52:35 UTC 2025","passed","Wed Oct 29 03:52:35 UTC 2025","handlerFilter Tests","Middleware Utility Tests","",""
"","2","PropsParser - extractPropsFromAstroFile - error cases","@withstudiocms/component-registry Package Tests","Wed Oct 29 03:52:42 UTC 2025","passed","Wed Oct 29 03:52:42 UTC 2025","extractPropsFromAstroFile Error Tests","Props Parser Tests","",""
"","0","should have non-null light/dark for local images","validImages","Wed Oct 29 03:53:06 UTC 2025","passed","Wed Oct 29 03:53:06 UTC 2025","","","",""
"","0","renderMarkDoc handles complex content","MarkDoc Render Library","Wed Oct 29 03:52:29 UTC 2025","passed","Wed Oct 29 03:52:29 UTC 2025","","","",""
"","0","plugin creation with custom options","StudioCMS MarkDoc Plugin","Wed Oct 29 03:52:33 UTC 2025","passed","Wed Oct 29 03:52:33 UTC 2025","","","",""
"","0","returns SiteConfigCacheObject with correct data and timestamp","siteConfigReturn","Wed Oct 29 03:52:32 UTC 2025","passed","Wed Oct 29 03:52:32 UTC 2025","","","",""
"","0","should have correct plugin identifier","@studiocms/github","Wed Oct 29 03:52:37 UTC 2025","passed","Wed Oct 29 03:52:37 UTC 2025","","plugin structure","",""
"","6","renders GFM task lists","parseMarkdown","Wed Oct 29 03:53:08 UTC 2025","passed","Wed Oct 29 03:53:08 UTC 2025","","","",""
"","0","returns red for >4s","webVitalsUtils","Wed Oct 29 03:52:23 UTC 2025","passed","Wed Oct 29 03:52:23 UTC 2025","","progressBarLcpColor","",""
"","3","should contain all expected notification types","notificationOptions","Wed Oct 29 03:53:02 UTC 2025","passed","Wed Oct 29 03:53:02 UTC 2025","","","",""
"","0","Middleware - matchFilterCheck","@withstudiocms/effect Package Tests","Wed Oct 29 03:52:35 UTC 2025","passed","Wed Oct 29 03:52:35 UTC 2025","matchFilterCheck Tests","Middleware Utility Tests","",""
"","0","extracts LCP values and calculates average","webVitalsUtils","Wed Oct 29 03:52:23 UTC 2025","passed","Wed Oct 29 03:52:23 UTC 2025","","lcpDataAverage","",""
"","0","stripHtmlExtension removes .html extension","@withstudiocms/internal_helpers Package Tests","Wed Oct 29 03:52:25 UTC 2025","passed","Wed Oct 29 03:52:25 UTC 2025","stripHtmlExtension removes .html extension","Path Generators Tests","",""
"","0","decode - input: &copy;","@withstudiocms/component-registry Package Tests","Wed Oct 29 03:53:04 UTC 2025","passed","Wed Oct 29 03:53:04 UTC 2025","decode Tests","Component Proxy Tests","",""
"","1","should return true for current date in all checks","checkDate","Wed Oct 29 03:53:02 UTC 2025","passed","Wed Oct 29 03:53:02 UTC 2025","","","",""
"","3","fromCodePoint with input: 65","@withstudiocms/component-registry Package Tests","Wed Oct 29 03:52:57 UTC 2025","passed","Wed Oct 29 03:52:57 UTC 2025","fromCodePoint Tests","Component Proxy Tests","",""
"","2","should return a function that generates correct API route","makeAPIRoute","Wed Oct 29 03:53:05 UTC 2025","passed","Wed Oct 29 03:53:05 UTC 2025","","","",""
"","0","should handle undefined options","studiocmsMDX","Wed Oct 29 03:52:22 UTC 2025","passed","Wed Oct 29 03:52:22 UTC 2025","","plugin creation","",""
"","0","should have studiocms:config:setup hook","@studiocms/auth0","Wed Oct 29 03:52:36 UTC 2025","passed","Wed Oct 29 03:52:36 UTC 2025","","hook implementation","",""
"","4","PropsParser - parseComponentProps - parse type alias props","@withstudiocms/component-registry Package Tests","Wed Oct 29 03:52:42 UTC 2025","passed","Wed Oct 29 03:52:42 UTC 2025","parseComponentProps Tests","Props Parser Tests","",""
"","0","replaceCodePoint with input: 128512","@withstudiocms/component-registry Package Tests","Wed Oct 29 03:52:28 UTC 2025","passed","Wed Oct 29 03:52:28 UTC 2025","replaceCodePoint Tests","Component Proxy Tests","",""
"","1","should validate complete settings data","WordPress API Schema","Wed Oct 29 03:52:23 UTC 2025","passed","Wed Oct 29 03:52:23 UTC 2025","","SiteSettings","",""
"","0","should handle invalid sanitize options","HTMLSchema","Wed Oct 29 03:52:58 UTC 2025","passed","Wed Oct 29 03:52:58 UTC 2025","","validation","",""
"","0","should validate complete tag data","WordPress API Schema","Wed Oct 29 03:52:23 UTC 2025","passed","Wed Oct 29 03:52:23 UTC 2025","","Tag","",""
"","1","User Module - getUserData returns logged out session if no user","@withstudiocms/auth-kit Package Tests","Wed Oct 29 03:52:21 UTC 2025","passed","Wed Oct 29 03:52:21 UTC 2025","getUserData Tests","User Module Tests","",""
"","1","Utility - integrationLogger logs at warn when verbose is true","@withstudiocms/component-registry Package Tests","Wed Oct 29 03:52:24 UTC 2025","passed","Wed Oct 29 03:52:24 UTC 2025","integrationLogger Tests","Utility Tests","",""
"","0","TemplateRenderer - Handling null values","@withstudiocms/template-lang Package Tests","Wed Oct 29 03:52:16 UTC 2025","passed","Wed Oct 29 03:52:16 UTC 2025","TemplateRenderer - Handling null values","TemplateRenderer Tests","",""
"","0","should return a valid StudioCMSPlugin object","@studiocms/auth0","Wed Oct 29 03:52:36 UTC 2025","passed","Wed Oct 29 03:52:36 UTC 2025","","plugin creation","",""
"","0","should allow valid GridItem","GridItem","Wed Oct 29 03:52:36 UTC 2025","passed","Wed Oct 29 03:52:36 UTC 2025","","","",""
"","1","should include Google SVG logo","@studiocms/google","Wed Oct 29 03:52:37 UTC 2025","passed","Wed Oct 29 03:52:37 UTC 2025","","hooks","",""
"","1","should have the correct hooks defined","@studiocms/google","Wed Oct 29 03:52:37 UTC 2025","passed","Wed Oct 29 03:52:37 UTC 2025","","hooks","",""
"","2","Clack - useClackErrorPromise returns Effect that succeeds with value if no error is thrown","@withstudiocms/effect Package Tests","Wed Oct 29 03:52:52 UTC 2025","passed","Wed Oct 29 03:52:52 UTC 2025","useClackErrorPromise Tests","Clack Wrapper Tests","",""
"","4","createURLGenFactory - Dashboard route with path","@withstudiocms/internal_helpers Package Tests","Wed Oct 29 03:52:55 UTC 2025","passed","Wed Oct 29 03:52:55 UTC 2025","createURLGenFactory - Dashboard route with path","createURLGenFactory Tests","",""
"","0","handles nested allowAttributes","WYSIWYG Types and Schema","Wed Oct 29 03:52:36 UTC 2025","passed","Wed Oct 29 03:52:36 UTC 2025","","Schema edge cases","",""
"","1","User Module - isUserAllowed Tests","@withstudiocms/auth-kit Package Tests","Wed Oct 29 03:52:21 UTC 2025","passed","Wed Oct 29 03:52:21 UTC 2025","isUserAllowed Tests","User Module Tests","",""
"","1","handles OPTIONS requests","WYSIWYG Store Route","Wed Oct 29 03:52:24 UTC 2025","passed","Wed Oct 29 03:52:24 UTC 2025","","","",""
"","2","removes leading and trailing underscores","safeString","Wed Oct 29 03:53:08 UTC 2025","passed","Wed Oct 29 03:53:08 UTC 2025","","","",""
"","0","should create CategoryOrTagConfig with number array","WordPress API Configs","Wed Oct 29 03:52:23 UTC 2025","passed","Wed Oct 29 03:52:23 UTC 2025","","CategoryOrTagConfig","",""
"","1","should have correct identifier and service path","Cloudinary Image Service Plugin","Wed Oct 29 03:52:21 UTC 2025","passed","Wed Oct 29 03:52:21 UTC 2025","","cloudinaryImageService","",""
"","1","plugin hooks are defined","StudioCMS WYSIWYG Plugin","Wed Oct 29 03:52:43 UTC 2025","passed","Wed Oct 29 03:52:43 UTC 2025","","","",""
"","1","PropsParser - extractPropsFromAstroFile - extract Props interface from Astro File","@withstudiocms/component-registry Package Tests","Wed Oct 29 03:52:42 UTC 2025","passed","Wed Oct 29 03:52:42 UTC 2025","extractPropsFromAstroFile Tests","Props Parser Tests","",""
"","0","should return an empty string for an empty array","formatNotificationOptions","Wed Oct 29 03:53:02 UTC 2025","passed","Wed Oct 29 03:53:02 UTC 2025","","","",""
"","0","FolderListMapID should be ""__StudioCMS_Folder_List""","StudioCMS SDK Constants","Wed Oct 29 03:53:09 UTC 2025","passed","Wed Oct 29 03:53:09 UTC 2025","","","",""
"","0","returns correct percent for ranges","webVitalsUtils","Wed Oct 29 03:52:23 UTC 2025","passed","Wed Oct 29 03:52:23 UTC 2025","","calculateInpScorePercent","",""
"","0","FolderTreeMapID should be ""__StudioCMS_Folder_Tree""","StudioCMS SDK Constants","Wed Oct 29 03:53:09 UTC 2025","passed","Wed Oct 29 03:53:09 UTC 2025","","","",""
"","0","should generate renderer API route","apiRoute","Wed Oct 29 03:53:05 UTC 2025","passed","Wed Oct 29 03:53:05 UTC 2025","","","",""
"","0","should include query parameters for formatting","FALLBACK_OG_IMAGE","Wed Oct 29 03:53:13 UTC 2025","passed","Wed Oct 29 03:53:13 UTC 2025","","","",""
"","0","verifyEmail template should contain required variables","defaultTemplates","Wed Oct 29 03:53:04 UTC 2025","passed","Wed Oct 29 03:53:04 UTC 2025","","","",""
"","11","returns correct kilobyte size for a file","getFileSizeInKilobytes","Wed Oct 29 03:53:03 UTC 2025","passed","Wed Oct 29 03:53:03 UTC 2025","","","",""
"","0","should return an empty array if no options are enabled","getEnabledNotificationCheckboxes","Wed Oct 29 03:53:02 UTC 2025","passed","Wed Oct 29 03:53:02 UTC 2025","","","",""
"","0","generates valid robots.txt content","generateContent","Wed Oct 29 03:52:28 UTC 2025","passed","Wed Oct 29 03:52:28 UTC 2025","","","",""
"","7","BaseHead with all props","BaseHead component","Wed Oct 29 03:52:59 UTC 2025","passed","Wed Oct 29 03:52:59 UTC 2025","","","",""
"","0","TemplateEngine - Should allow updating options after creation","@withstudiocms/template-lang Package Tests","Wed Oct 29 03:52:16 UTC 2025","passed","Wed Oct 29 03:52:16 UTC 2025","TemplateEngine - Should allow updating options after creation","TemplateEngine Tests","",""
"","0","should have no required dependencies","@studiocms/discord","Wed Oct 29 03:52:36 UTC 2025","passed","Wed Oct 29 03:52:36 UTC 2025","","plugin structure","",""
"","0","TemplateEngine - Should extract variable names from template","@withstudiocms/template-lang Package Tests","Wed Oct 29 03:52:16 UTC 2025","passed","Wed Oct 29 03:52:16 UTC 2025","TemplateEngine - Should extract variable names from template","TemplateEngine Tests","",""
"","3","render component","Components Container tests","Wed Oct 29 03:52:33 UTC 2025","passed","Wed Oct 29 03:52:33 UTC 2025","PageHeader component","First Time Setup components","",""
"","0","Utility - getIndent returns "" 	 "" for input "" 	 hello world""","@withstudiocms/component-registry Package Tests","Wed Oct 29 03:52:24 UTC 2025","passed","Wed Oct 29 03:52:24 UTC 2025","getIndent Tests","Utility Tests","",""
"","0","returns correct score text","webVitalsUtils","Wed Oct 29 03:52:23 UTC 2025","passed","Wed Oct 29 03:52:23 UTC 2025","","calculateInpScoreText","",""
"","0","should fail if demoMode is a string","developerConfigSchema","Wed Oct 29 03:53:06 UTC 2025","passed","Wed Oct 29 03:53:06 UTC 2025","","","",""
"","0","should transform serverUiTranslations to clientUiTranslations","i18n/config","Wed Oct 29 03:53:06 UTC 2025","passed","Wed Oct 29 03:53:06 UTC 2025","","","",""
"","0","should not have astro config hook","@studiocms/auth0","Wed Oct 29 03:52:36 UTC 2025","passed","Wed Oct 29 03:52:36 UTC 2025","","hooks","",""
"","0","should have correct minimum version requirement","@studiocms/google","Wed Oct 29 03:52:37 UTC 2025","passed","Wed Oct 29 03:52:37 UTC 2025","","plugin structure","",""
"","0","parses valid hour string","TimeStringSchema","Wed Oct 29 03:52:44 UTC 2025","passed","Wed Oct 29 03:52:44 UTC 2025","","","",""
"","0","should create FullPageData with pageData","WordPress API Configs","Wed Oct 29 03:52:23 UTC 2025","passed","Wed Oct 29 03:52:23 UTC 2025","","FullPageData","",""
"replaces non-alphanumeric with underscores and lowercases","0","convertToSafeString - replaces non-alphanumeric with underscores and lowercases","@withstudiocms/internal_helpers Package Tests","Wed Oct 29 03:52:17 UTC 2025","passed","Wed Oct 29 03:52:17 UTC 2025","convertToSafeString - replaces non-alphanumeric with underscores and lowercases","Utility Functions","",""
"","1","AuthKitOptions - throws if session.expTime is invalid","@withstudiocms/auth-kit Package Tests","Wed Oct 29 03:52:26 UTC 2025","passed","Wed Oct 29 03:52:26 UTC 2025","AuthKitOptions Tests","Config Tests","",""
"","106","Scrypt - Service Tests - Should produce different results for different inputs","@withstudiocms/effect Package Tests","Wed Oct 29 03:52:18 UTC 2025","passed","Wed Oct 29 03:52:18 UTC 2025","ScryptService Tests","Scrypt Service Tests","",""
"","0","generates correct fetch URL for mobile","webVitalsUtils","Wed Oct 29 03:52:23 UTC 2025","passed","Wed Oct 29 03:52:23 UTC 2025","","generateLighthouseFetchUrl","",""
"","11","render component","Layout Container tests","Wed Oct 29 03:53:10 UTC 2025","passed","Wed Oct 29 03:53:10 UTC 2025","","AuthLayout Container","",""
"","0","logs info for file creation","printInfo","Wed Oct 29 03:52:28 UTC 2025","passed","Wed Oct 29 03:52:28 UTC 2025","","","",""
"","0","should not have other hooks","@studiocms/github","Wed Oct 29 03:52:37 UTC 2025","passed","Wed Oct 29 03:52:37 UTC 2025","","hook implementation","",""
"","0","should return the notification template","getTemplate","Wed Oct 29 03:53:13 UTC 2025","passed","Wed Oct 29 03:53:13 UTC 2025","","","",""
"","0","should return path unchanged if no trailing slash","pathGenerator utilities","Wed Oct 29 03:52:50 UTC 2025","passed","Wed Oct 29 03:52:50 UTC 2025","","stripTrailingSlash","",""
"","0","returns ""Unknown"" for unknown permission levels","getLabelForPermissionLevel","Wed Oct 29 03:53:09 UTC 2025","passed","Wed Oct 29 03:53:09 UTC 2025","","","",""
"throws error if comp is undefined","1","rendererComponentFilter - throws error if comp is undefined","@withstudiocms/internal_helpers Package Tests","Wed Oct 29 03:52:17 UTC 2025","passed","Wed Oct 29 03:52:17 UTC 2025","rendererComponentFilter - throws error if comp is undefined","Utility Functions","",""
"","3","parses valid array of numbers","SDKCore_Parsers","Wed Oct 29 03:52:45 UTC 2025","passed","Wed Oct 29 03:52:45 UTC 2025","","parseIdNumberArray","",""
"throws error if comp is empty string","0","rendererComponentFilter - throws error if comp is empty string","@withstudiocms/internal_helpers Package Tests","Wed Oct 29 03:52:17 UTC 2025","passed","Wed Oct 29 03:52:17 UTC 2025","rendererComponentFilter - throws error if comp is empty string","Utility Functions","",""
"","1","handles multiple requests consistently","WYSIWYG Grapes CSS Route","Wed Oct 29 03:53:06 UTC 2025","passed","Wed Oct 29 03:53:06 UTC 2025","","","",""
"","28","ComponentRegistry - registerComponentFromFile - non-existent file","@withstudiocms/component-registry Package Tests","Wed Oct 29 03:52:18 UTC 2025","passed","Wed Oct 29 03:52:18 UTC 2025","registerComponentFromFile Tests","Component Registry Tests","",""
"","0","should format debug prefix in blue","getEventPrefix","Wed Oct 29 03:52:48 UTC 2025","passed","Wed Oct 29 03:52:48 UTC 2025","","","",""
"","0","TemplateParser - Should return true when variables exist (1)","@withstudiocms/template-lang Package Tests","Wed Oct 29 03:52:16 UTC 2025","passed","Wed Oct 29 03:52:16 UTC 2025","TemplateParser - Should return true when variables exist (1)","TemplateParser Tests","",""
"","0","StudioCMSPkgId should be ""studiocms""","StudioCMS SDK Constants","Wed Oct 29 03:53:09 UTC 2025","passed","Wed Oct 29 03:53:09 UTC 2025","","","",""
"","4","Errors - toComponentProxyError - Handle undefined error gracefully","@withstudiocms/component-registry Package Tests","Wed Oct 29 03:52:36 UTC 2025","passed","Wed Oct 29 03:52:36 UTC 2025","toComponentProxyError Tests","Error Tests","",""
"","0","Utility - getIndent returns ""		"" for input ""		hello world""","@withstudiocms/component-registry Package Tests","Wed Oct 29 03:52:24 UTC 2025","passed","Wed Oct 29 03:52:24 UTC 2025","getIndent Tests","Utility Tests","",""
"","0","Middleware - sortByPriority","@withstudiocms/effect Package Tests","Wed Oct 29 03:52:35 UTC 2025","passed","Wed Oct 29 03:52:35 UTC 2025","sortByPriority Tests","Middleware Utility Tests","",""
"","0","should default demoMode to false if not provided","developerConfigSchema","Wed Oct 29 03:53:06 UTC 2025","passed","Wed Oct 29 03:53:06 UTC 2025","","","",""
"","0","should throw error when file does not exist","readJson","Wed Oct 29 03:52:56 UTC 2025","passed","Wed Oct 29 03:52:56 UTC 2025","","","",""
"","2","should set the correct name and message","StudioCMS_SDK_Error","Wed Oct 29 03:53:08 UTC 2025","passed","Wed Oct 29 03:53:08 UTC 2025","","","",""
"","0","decodeHTML with input: foo & bar","@withstudiocms/component-registry Package Tests","Wed Oct 29 03:52:28 UTC 2025","passed","Wed Oct 29 03:52:28 UTC 2025","decodeHTML Tests","Component Proxy Tests","",""
"","3","render component","Components Container tests","Wed Oct 29 03:52:33 UTC 2025","passed","Wed Oct 29 03:52:33 UTC 2025","StudioCMSLogoSVG component","Auth components","",""
"","4","handles POST requests","WYSIWYG Store Route","Wed Oct 29 03:52:24 UTC 2025","passed","Wed Oct 29 03:52:24 UTC 2025","","","",""
"","0","handles success responses","WYSIWYG Store Route","Wed Oct 29 03:52:24 UTC 2025","passed","Wed Oct 29 03:52:24 UTC 2025","","","",""
"","0","should create APIEndpointConfig with valid type","WordPress API Configs","Wed Oct 29 03:52:23 UTC 2025","passed","Wed Oct 29 03:52:23 UTC 2025","","APIEndpointConfig","",""
"","3","Deepmerge - Effect Service - throws an error if the service merge function throws","@withstudiocms/effect Package Tests","Wed Oct 29 03:52:42 UTC 2025","passed","Wed Oct 29 03:52:42 UTC 2025","Deepmerge Effect Service Tests","Deepmerge Utility Tests","",""
"","0","decodeHTML with input: foo &amp bar","@withstudiocms/component-registry Package Tests","Wed Oct 29 03:52:28 UTC 2025","passed","Wed Oct 29 03:52:28 UTC 2025","decodeHTML Tests","Component Proxy Tests","",""
"","2","SMTPService - Should initialize with proxy config","@withstudiocms/effect Package Tests","Wed Oct 29 03:52:21 UTC 2025","passed","Wed Oct 29 03:52:21 UTC 2025","SMTPService Initialization Tests","SMTP Service Tests","",""
"","0","does not return Host line for localhost","generateHostContent","Wed Oct 29 03:52:28 UTC 2025","passed","Wed Oct 29 03:52:28 UTC 2025","","","",""
"","0","decode - input: &copy;","@withstudiocms/component-registry Package Tests","Wed Oct 29 03:53:04 UTC 2025","passed","Wed Oct 29 03:53:04 UTC 2025","decode Tests","Component Proxy Tests","",""
"","4","_ClearUnknownError returns Effect.fail with SDKCoreError","error helpers","Wed Oct 29 03:52:32 UTC 2025","passed","Wed Oct 29 03:52:32 UTC 2025","","","",""
"","1","logs warning if fileSize > 10","printInfo","Wed Oct 29 03:52:28 UTC 2025","passed","Wed Oct 29 03:52:28 UTC 2025","","","",""
"","0","stripLeadingSlash removes leading slash","@withstudiocms/internal_helpers Package Tests","Wed Oct 29 03:52:25 UTC 2025","passed","Wed Oct 29 03:52:25 UTC 2025","stripLeadingSlash removes leading slash","Path Generators Tests","",""
"","9","Config Loader - importBundledFile","@withstudiocms/config-utils Package Tests","Wed Oct 29 03:52:21 UTC 2025","passed","Wed Oct 29 03:52:21 UTC 2025","importBundledFile Tests","Config Loader Tests","",""
"","0","trims leading and trailing whitespace","heroHelper tests","Wed Oct 29 03:52:50 UTC 2025","passed","Wed Oct 29 03:52:50 UTC 2025","","trimInput","",""
"","72","Integration Utils - Endpoint / responds correctly","@withstudiocms/config-utils Package Tests","Wed Oct 29 03:53:01 UTC 2025","passed","Wed Oct 29 03:53:01 UTC 2025","Endpoint Tests","Integration Tests","",""
"","1","returns empty string for host true/false","generateHostContent","Wed Oct 29 03:52:28 UTC 2025","passed","Wed Oct 29 03:52:28 UTC 2025","","","",""
"","1","Response Helpers - createHtmlResponse","@withstudiocms/effect Package Tests","Wed Oct 29 03:52:24 UTC 2025","passed","Wed Oct 29 03:52:24 UTC 2025","createHtmlResponse Tests","Response Helpers Tests","",""
"","2","parses valid minute string","TimeStringSchema","Wed Oct 29 03:52:44 UTC 2025","passed","Wed Oct 29 03:52:44 UTC 2025","","","",""
"","0","renderMarkDoc handles whitespace content","MarkDoc Render Library","Wed Oct 29 03:52:29 UTC 2025","passed","Wed Oct 29 03:52:29 UTC 2025","","","",""
"","1","Zod Utils - parseConfig Test","@withstudiocms/config-utils Package Tests","Wed Oct 29 03:52:39 UTC 2025","passed","Wed Oct 29 03:52:39 UTC 2025","parseConfig Tests","Zod Utility Tests","",""
"","1","should validate available dashboard pages","AvailableDashboardPagesSchema","Wed Oct 29 03:52:36 UTC 2025","passed","Wed Oct 29 03:52:36 UTC 2025","","","",""
"","0","Middleware - handlerFilter","@withstudiocms/effect Package Tests","Wed Oct 29 03:52:35 UTC 2025","passed","Wed Oct 29 03:52:35 UTC 2025","handlerFilter Tests","Middleware Utility Tests","",""
"","32","renders editor with basic content","WYSIWYG Editor Component","Wed Oct 29 03:52:59 UTC 2025","passed","Wed Oct 29 03:52:59 UTC 2025","","","",""
"","0","decodeXML with input: Caf&#233;","@withstudiocms/component-registry Package Tests","Wed Oct 29 03:52:28 UTC 2025","passed","Wed Oct 29 03:52:28 UTC 2025","decodeXML Tests","Component Proxy Tests","",""
"","1","fails on array with non-string","SDKCore_Parsers","Wed Oct 29 03:52:45 UTC 2025","passed","Wed Oct 29 03:52:45 UTC 2025","","parseIdStringArray","",""
"","1038","SMTPService - Should fail to send email with invalid options","@withstudiocms/effect Package Tests","Wed Oct 29 03:52:24 UTC 2025","passed","Wed Oct 29 03:52:25 UTC 2025","Mail Sending Tests","SMTP Service Tests","",""
"returns correct export statement for valid input","0","rendererComponentFilter - returns correct export statement for valid input","@withstudiocms/internal_helpers Package Tests","Wed Oct 29 03:52:17 UTC 2025","passed","Wed Oct 29 03:52:17 UTC 2025","rendererComponentFilter - returns correct export statement for valid input","Utility Functions","",""
"","0","handles boolean true","SDKSchema","Wed Oct 29 03:52:44 UTC 2025","passed","Wed Oct 29 03:52:44 UTC 2025","","","",""
"","1","logMessages - Respects verbose flag","@withstudiocms/internal_helpers Package Tests","Wed Oct 29 03:52:16 UTC 2025","passed","Wed Oct 29 03:52:16 UTC 2025","logMessages - Respects verbose flag","Astro Integration Utility Tests","",""
"","0","should transform object config to object format","schema","Wed Oct 29 03:52:46 UTC 2025","passed","Wed Oct 29 03:52:46 UTC 2025","","AppsConfigSchema","",""
"","6","Clack - useClackError returns Effect that fails with ClackError if error is thrown","@withstudiocms/effect Package Tests","Wed Oct 29 03:52:52 UTC 2025","passed","Wed Oct 29 03:52:52 UTC 2025","useClackError Tests","Clack Wrapper Tests","",""
"","0","createComponentProxy with input: {""Foo"":""bar""}","@withstudiocms/component-registry Package Tests","Wed Oct 29 03:52:38 UTC 2025","passed","Wed Oct 29 03:52:38 UTC 2025","createComponentProxy Tests","Component Proxy Tests","",""
"","0","should remove trailing slash from path","pathGenerator utilities","Wed Oct 29 03:52:50 UTC 2025","passed","Wed Oct 29 03:52:50 UTC 2025","","stripTrailingSlash","",""
"","0","should create layer with makeLayer","WordPress API Configs","Wed Oct 29 03:52:23 UTC 2025","passed","Wed Oct 29 03:52:23 UTC 2025","","APIEndpointConfig","",""
"","1","should handle app-toggled event with state false","app-utils","Wed Oct 29 03:52:33 UTC 2025","passed","Wed Oct 29 03:52:33 UTC 2025","","closeOnOutsideClick","",""
"","0","Utility - round-trip conversion of ""hello-world-test"" toUnderscores","@withstudiocms/component-registry Package Tests","Wed Oct 29 03:52:24 UTC 2025","passed","Wed Oct 29 03:52:24 UTC 2025","Round-Trip Conversion Tests","Utility Tests","",""
"","2","should export an array of valid images","validImages","Wed Oct 29 03:53:06 UTC 2025","passed","Wed Oct 29 03:53:06 UTC 2025","","","",""
"","1","returns fractional kilobytes for non-exact sizes","getFileSizeInKilobytes","Wed Oct 29 03:53:03 UTC 2025","passed","Wed Oct 29 03:53:03 UTC 2025","","","",""
"","0","should return a valid StudioCMSPlugin object","@studiocms/discord","Wed Oct 29 03:52:36 UTC 2025","passed","Wed Oct 29 03:52:36 UTC 2025","","plugin creation","",""
"","0","ensureLeadingAndTrailingSlashes adds both slashes","@withstudiocms/internal_helpers Package Tests","Wed Oct 29 03:52:25 UTC 2025","passed","Wed Oct 29 03:52:25 UTC 2025","ensureLeadingAndTrailingSlashes adds both slashes","Path Generators Tests","",""
"","1","should call studiocms:config:setup hook with setRendering","studiocmsMD","Wed Oct 29 03:52:19 UTC 2025","passed","Wed Oct 29 03:52:19 UTC 2025","","plugin hooks","",""
"","0","Middleware - sortByPriority","@withstudiocms/effect Package Tests","Wed Oct 29 03:52:35 UTC 2025","passed","Wed Oct 29 03:52:35 UTC 2025","sortByPriority Tests","Middleware Utility Tests","",""
"","6","should reject invalid status values","WordPress API Schema","Wed Oct 29 03:52:23 UTC 2025","passed","Wed Oct 29 03:52:23 UTC 2025","","OpenClosedSchema","",""
"","0","should handle minimal config","schema","Wed Oct 29 03:52:46 UTC 2025","passed","Wed Oct 29 03:52:46 UTC 2025","","StudioCMSDevAppsSchema","",""
"","0","replaceCodePoint with input: -1","@withstudiocms/component-registry Package Tests","Wed Oct 29 03:52:28 UTC 2025","passed","Wed Oct 29 03:52:28 UTC 2025","replaceCodePoint Tests","Component Proxy Tests","",""
"","0","returns correct percent for ranges","webVitalsUtils","Wed Oct 29 03:52:23 UTC 2025","passed","Wed Oct 29 03:52:23 UTC 2025","","calculateClsScorePercent","",""
"","1","Utility - dedent correctly dedents input","@withstudiocms/component-registry Package Tests","Wed Oct 29 03:52:24 UTC 2025","passed","Wed Oct 29 03:52:24 UTC 2025","dedent Tests","Utility Tests","",""
"","0","should format options as a comma-separated string","formatNotificationOptions","Wed Oct 29 03:53:02 UTC 2025","passed","Wed Oct 29 03:53:02 UTC 2025","","","",""
"","52","toggles menu open/close on click","UserQuickTools custom element","Wed Oct 29 03:53:14 UTC 2025","passed","Wed Oct 29 03:53:14 UTC 2025","","","",""
"","0","should use default values when config is not provided","schema","Wed Oct 29 03:52:46 UTC 2025","passed","Wed Oct 29 03:52:46 UTC 2025","","AppsConfigSchema","",""
"","0","should maintain reference consistency","shared module","Wed Oct 29 03:52:47 UTC 2025","passed","Wed Oct 29 03:52:47 UTC 2025","","shared object","",""
"","0","should export correct StudioCMS social links","consts.ts","Wed Oct 29 03:52:35 UTC 2025","passed","Wed Oct 29 03:52:35 UTC 2025","","","",""
"","52","Scrypt - makeScrypt returns error with invalid config","@withstudiocms/auth-kit Package Tests","Wed Oct 29 03:52:58 UTC 2025","passed","Wed Oct 29 03:52:58 UTC 2025","makeScrypt Tests","Default Module Tests","",""
"","2","plugin sets up astro config integration","StudioCMS WYSIWYG Plugin","Wed Oct 29 03:52:43 UTC 2025","passed","Wed Oct 29 03:52:43 UTC 2025","","","",""
"","0","should reject invalid type for wpImporter","schema","Wed Oct 29 03:52:46 UTC 2025","passed","Wed Oct 29 03:52:46 UTC 2025","","AppsConfigSchema","",""
"","6","decode-data-xml - xmlDecodeTree structure","@withstudiocms/component-registry Package Tests","Wed Oct 29 03:53:03 UTC 2025","passed","Wed Oct 29 03:53:03 UTC 2025","decode-data-xml Tests","Component Proxy Tests","",""
"","0","should create ImportPostsEndpointConfig with useBlogPkg true","WordPress API Configs","Wed Oct 29 03:52:23 UTC 2025","passed","Wed Oct 29 03:52:23 UTC 2025","","ImportPostsEndpointConfig","",""
"","1","should set image service configuration","Cloudinary Image Service Plugin","Wed Oct 29 03:52:21 UTC 2025","passed","Wed Oct 29 03:52:21 UTC 2025","studiocms:config:setup hook","plugin hooks","",""
"","4","generateRandomPassword returns a string of correct length","SDKCore_Generators","Wed Oct 29 03:53:02 UTC 2025","passed","Wed Oct 29 03:53:02 UTC 2025","","","",""
"","0","should validate page types","PageTypesSchema","Wed Oct 29 03:52:36 UTC 2025","passed","Wed Oct 29 03:52:36 UTC 2025","","","",""
"","0","defaults to enabled true and default lifetime","SDKCacheSchema","Wed Oct 29 03:52:44 UTC 2025","passed","Wed Oct 29 03:52:44 UTC 2025","","","",""
"","12","ComponentRegistry - validateProps - missing optional props","@withstudiocms/component-registry Package Tests","Wed Oct 29 03:52:19 UTC 2025","passed","Wed Oct 29 03:52:19 UTC 2025","validateProps Tests","Component Registry Tests","",""
"","0","pathWithBase - Strips leading slash and prepends one","@withstudiocms/internal_helpers Package Tests","Wed Oct 29 03:52:24 UTC 2025","passed","Wed Oct 29 03:52:24 UTC 2025","pathWithBase - Strips leading slash and prepends one","Path Generators Tests","",""
"","1","throws if userAgent missing","generateContent","Wed Oct 29 03:52:28 UTC 2025","passed","Wed Oct 29 03:52:28 UTC 2025","","","",""
"","3","should handle render errors gracefully","renderMDX","Wed Oct 29 03:52:16 UTC 2025","passed","Wed Oct 29 03:52:16 UTC 2025","","","",""
"","0","should allow undefined input and default to {}","authConfigSchema","Wed Oct 29 03:52:55 UTC 2025","passed","Wed Oct 29 03:52:55 UTC 2025","","","",""
"","1","should configure Google OAuth provider in studiocms config hook","@studiocms/google","Wed Oct 29 03:52:37 UTC 2025","passed","Wed Oct 29 03:52:37 UTC 2025","","hooks","",""
"","1","should reject non-boolean autoLinkHeadings","studiocmsMD","Wed Oct 29 03:52:19 UTC 2025","passed","Wed Oct 29 03:52:19 UTC 2025","","schema validation","",""
"","4","should parse empty config and apply defaults","StudioCMSOptionsSchema","Wed Oct 29 03:52:57 UTC 2025","passed","Wed Oct 29 03:52:57 UTC 2025","","","",""
"","0","Middleware - handlerFilter","@withstudiocms/effect Package Tests","Wed Oct 29 03:52:35 UTC 2025","passed","Wed Oct 29 03:52:35 UTC 2025","handlerFilter Tests","Middleware Utility Tests","",""
"","4","HeadConfigSchema - Validates correct config","@withstudiocms/internal_helpers Package Tests","Wed Oct 29 03:52:21 UTC 2025","passed","Wed Oct 29 03:52:21 UTC 2025","HeadConfigSchema - Validates correct config","HeadConfigSchema Tests","",""
"","1","HeadConfigSchema - mergeHead overwrites by new head","@withstudiocms/internal_helpers Package Tests","Wed Oct 29 03:52:21 UTC 2025","passed","Wed Oct 29 03:52:21 UTC 2025","HeadConfigSchema - mergeHead overwrites by new head","HeadConfigSchema Tests","",""
"","0","should create layer with makeLayer","WordPress API Configs","Wed Oct 29 03:52:23 UTC 2025","passed","Wed Oct 29 03:52:23 UTC 2025","","DownloadPostImageConfig","",""
"","49","Session Utility - makeSessionId throws SessionError if input is not a string","@withstudiocms/auth-kit Package Tests","Wed Oct 29 03:52:51 UTC 2025","passed","Wed Oct 29 03:52:51 UTC 2025","makeSessionId Error Handling Tests","Session Utility Tests","",""
"","4","Effect Utilities - runEffect rejects with error","@withstudiocms/effect Package Tests","Wed Oct 29 03:52:49 UTC 2025","passed","Wed Oct 29 03:52:49 UTC 2025","runEffect Tests","Effect Utility Tests","",""
"","14","ComponentRegistry - getComponentProps - registered component","@withstudiocms/component-registry Package Tests","Wed Oct 29 03:52:18 UTC 2025","passed","Wed Oct 29 03:52:18 UTC 2025","getComponentProps Tests","Component Registry Tests","",""
"","1","Session Module - invalidateSession calls deleteSession","@withstudiocms/auth-kit Package Tests","Wed Oct 29 03:52:27 UTC 2025","passed","Wed Oct 29 03:52:27 UTC 2025","invalidateSession Tests","Session Module Tests","",""
"","0","handles already uppercase first character","Utils","Wed Oct 29 03:52:44 UTC 2025","passed","Wed Oct 29 03:52:44 UTC 2025","","firstUpperCase","",""
"","1","should generate Cloudinary URL for external HTTPS image","cloudinaryImageService","Wed Oct 29 03:52:28 UTC 2025","passed","Wed Oct 29 03:52:28 UTC 2025","","successful image generation","",""
"","1","should validate a row field with nested fields","SettingsFieldSchema","Wed Oct 29 03:52:36 UTC 2025","passed","Wed Oct 29 03:52:36 UTC 2025","","","",""
"","17","ComponentRegistry - validateProps - valid props","@withstudiocms/component-registry Package Tests","Wed Oct 29 03:52:19 UTC 2025","passed","Wed Oct 29 03:52:19 UTC 2025","validateProps Tests","Component Registry Tests","",""
"","1","should reject invalid metadata structure","WordPress API Schema","Wed Oct 29 03:52:23 UTC 2025","passed","Wed Oct 29 03:52:23 UTC 2025","","MetaDataSchema","",""
"","0","should have no required dependencies","@studiocms/auth0","Wed Oct 29 03:52:36 UTC 2025","passed","Wed Oct 29 03:52:36 UTC 2025","","plugin structure","",""
"","2","should contain the expected identifiers","allowedIdentifiers","Wed Oct 29 03:53:05 UTC 2025","passed","Wed Oct 29 03:53:05 UTC 2025","","","",""
"","44","renderMarkDoc with HTML renderer","MarkDoc Render Library","Wed Oct 29 03:52:29 UTC 2025","passed","Wed Oct 29 03:52:29 UTC 2025","","","",""
"","8","ComponentRegistry - getAllComponents - multiple components registered","@withstudiocms/component-registry Package Tests","Wed Oct 29 03:52:18 UTC 2025","passed","Wed Oct 29 03:52:19 UTC 2025","getAllComponents Tests","Component Registry Tests","",""
"","0","Utility - convertUnderscoresToHyphens converts """" to """"","@withstudiocms/component-registry Package Tests","Wed Oct 29 03:52:24 UTC 2025","passed","Wed Oct 29 03:52:24 UTC 2025","convertUnderscoresToHyphens Tests","Utility Tests","",""
"","1","getLatestVersion - does not warn if cache read error is ENOENT","@withstudiocms/internal_helpers Package Tests","Wed Oct 29 03:52:16 UTC 2025","passed","Wed Oct 29 03:52:16 UTC 2025","getLatestVersion - does not warn if cache read error is ENOENT","Astro Integration Utility Tests","",""
"","0","handles concurrent requests","WYSIWYG Store Route","Wed Oct 29 03:52:24 UTC 2025","passed","Wed Oct 29 03:52:24 UTC 2025","","","",""
"returns empty string for input with only special characters","0","convertToSafeString - returns empty string for input with only special characters","@withstudiocms/internal_helpers Package Tests","Wed Oct 29 03:52:17 UTC 2025","passed","Wed Oct 29 03:52:17 UTC 2025","convertToSafeString - returns empty string for input with only special characters","Utility Functions","",""
"","1","testToken verifies a valid token","SDKCore_Generators","Wed Oct 29 03:53:02 UTC 2025","passed","Wed Oct 29 03:53:02 UTC 2025","","","",""
"throws error if comp is empty string","0","pageContentComponentFilter - throws error if comp is empty string","@withstudiocms/internal_helpers Package Tests","Wed Oct 29 03:52:17 UTC 2025","passed","Wed Oct 29 03:52:17 UTC 2025","pageContentComponentFilter - throws error if comp is empty string","Utility Functions","",""
"","0","decodeHTML (edge cases) with input: plain text","@withstudiocms/component-registry Package Tests","Wed Oct 29 03:52:28 UTC 2025","passed","Wed Oct 29 03:52:28 UTC 2025","decodeHTML (edge cases) Tests","Component Proxy Tests","",""
"","0","returns true if cache is expired","isCacheExpired","Wed Oct 29 03:52:32 UTC 2025","passed","Wed Oct 29 03:52:32 UTC 2025","","","",""
"","2","registers the custom element","UserQuickTools custom element","Wed Oct 29 03:53:14 UTC 2025","passed","Wed Oct 29 03:53:14 UTC 2025","","","",""
"","3","should handle React rendering edge cases","renderMDX","Wed Oct 29 03:52:16 UTC 2025","passed","Wed Oct 29 03:52:16 UTC 2025","","Edge cases","",""
"","0","should handle canonical as undefined","headDefaults","Wed Oct 29 03:52:53 UTC 2025","passed","Wed Oct 29 03:52:53 UTC 2025","","","",""
"","0","handles mixed case strings","Utils","Wed Oct 29 03:52:44 UTC 2025","passed","Wed Oct 29 03:52:44 UTC 2025","","firstUpperCase","",""
"","1","StudioCMSRoutes.authLinks contains expected keys and functions","routeMap","Wed Oct 29 03:52:35 UTC 2025","passed","Wed Oct 29 03:52:35 UTC 2025","","","",""
"","0","stripLeadingAndTrailingSlashes removes both","@withstudiocms/internal_helpers Package Tests","Wed Oct 29 03:52:25 UTC 2025","passed","Wed Oct 29 03:52:25 UTC 2025","stripLeadingAndTrailingSlashes removes both","Path Generators Tests","",""
"","4","renders links and emphasis","parseMarkdown","Wed Oct 29 03:53:08 UTC 2025","passed","Wed Oct 29 03:53:08 UTC 2025","","","",""
"","1","throws if host is invalid","validateHost","Wed Oct 29 03:52:28 UTC 2025","passed","Wed Oct 29 03:52:28 UTC 2025","","","",""
"","0","Middleware - handlerFilter","@withstudiocms/effect Package Tests","Wed Oct 29 03:52:35 UTC 2025","passed","Wed Oct 29 03:52:35 UTC 2025","handlerFilter Tests","Middleware Utility Tests","",""
"","0","should format warn prefix in yellow","getEventPrefix","Wed Oct 29 03:52:48 UTC 2025","passed","Wed Oct 29 03:52:48 UTC 2025","","","",""
"","2","should throw on invalid rating","WebVitalsRatingSchema","Wed Oct 29 03:52:51 UTC 2025","passed","Wed Oct 29 03:52:51 UTC 2025","","","",""
"","1","Utility - Integration test - dedent and convertHyphensToUnderscores","@withstudiocms/component-registry Package Tests","Wed Oct 29 03:52:24 UTC 2025","passed","Wed Oct 29 03:52:24 UTC 2025","Integration Test - dedent and convertHyphensToUnderscores","Utility Tests","",""
"","0","validates sanitize with blockElements only","WYSIWYG Types and Schema","Wed Oct 29 03:52:36 UTC 2025","passed","Wed Oct 29 03:52:36 UTC 2025","","WYSIWYGSchema","",""
"","0","plugin handles partial options","StudioCMS WYSIWYG Plugin","Wed Oct 29 03:52:43 UTC 2025","passed","Wed Oct 29 03:52:43 UTC 2025","","","",""
"","3","should export correct config IDs","consts.ts","Wed Oct 29 03:52:35 UTC 2025","passed","Wed Oct 29 03:52:35 UTC 2025","","","",""
"","1","createComponentProxy - decodes code prop for CodeBlock and CodeSpan components","@withstudiocms/component-registry Package Tests","Wed Oct 29 03:52:38 UTC 2025","passed","Wed Oct 29 03:52:38 UTC 2025","createComponentProxy Tests","Component Proxy Tests","",""
"","1","createRenderer handles different content types","WYSIWYG Partial Route","Wed Oct 29 03:52:59 UTC 2025","passed","Wed Oct 29 03:52:59 UTC 2025","","","",""
"","30","Editor with props","Editor component","Wed Oct 29 03:53:12 UTC 2025","passed","Wed Oct 29 03:53:12 UTC 2025","","","",""
"","8","ComponentRegistry - getAllComponents - no components registered","@withstudiocms/component-registry Package Tests","Wed Oct 29 03:52:18 UTC 2025","passed","Wed Oct 29 03:52:18 UTC 2025","getAllComponents Tests","Component Registry Tests","",""
"","1","plugin stores resolved options in shared context","StudioCMS MarkDoc Plugin","Wed Oct 29 03:52:33 UTC 2025","passed","Wed Oct 29 03:52:33 UTC 2025","","","",""
"","1","should configure Astro ENV with correct schema","Cloudinary Image Service Plugin","Wed Oct 29 03:52:21 UTC 2025","passed","Wed Oct 29 03:52:21 UTC 2025","CloudinaryENVIntegration","plugin hooks","",""
"","0","should validate and transform dev apps config","schema","Wed Oct 29 03:52:46 UTC 2025","passed","Wed Oct 29 03:52:46 UTC 2025","","StudioCMSDevAppsSchema","",""
"","5","render component","Components Container tests","Wed Oct 29 03:52:33 UTC 2025","passed","Wed Oct 29 03:52:33 UTC 2025","ThemeManager component","Shared components","",""
"","0","replaceCodePoint with input: 8364","@withstudiocms/component-registry Package Tests","Wed Oct 29 03:52:57 UTC 2025","passed","Wed Oct 29 03:52:57 UTC 2025","replaceCodePoint Tests","Component Proxy Tests","",""
"","0","returns red for >4s","webVitalsUtils","Wed Oct 29 03:52:23 UTC 2025","passed","Wed Oct 29 03:52:23 UTC 2025","","lcpTextColor","",""
"","0","should aggregate page views for last7DaysData","buildPageRouteDataObject","Wed Oct 29 03:52:54 UTC 2025","passed","Wed Oct 29 03:52:54 UTC 2025","","","",""
"","2","getSluggedRoute returns correct slugged route","routeMap","Wed Oct 29 03:52:35 UTC 2025","passed","Wed Oct 29 03:52:35 UTC 2025","","","",""
"","2","renders editor with CSRF token","WYSIWYG Editor Component","Wed Oct 29 03:52:59 UTC 2025","passed","Wed Oct 29 03:52:59 UTC 2025","","","",""
"","2","should validate a checkbox field","FieldSchema","Wed Oct 29 03:52:36 UTC 2025","passed","Wed Oct 29 03:52:36 UTC 2025","","","",""
"","6","generates correct XML for multiple entries","template","Wed Oct 29 03:52:55 UTC 2025","passed","Wed Oct 29 03:52:55 UTC 2025","","","",""
"","4","renders markdown using Astro processor when flavor is astro","preRender","Wed Oct 29 03:52:55 UTC 2025","passed","Wed Oct 29 03:52:55 UTC 2025","","","",""
"","0","replaceCodePoint with input: 153","@withstudiocms/component-registry Package Tests","Wed Oct 29 03:52:57 UTC 2025","passed","Wed Oct 29 03:52:57 UTC 2025","replaceCodePoint Tests","Component Proxy Tests","",""
"","2","Password Utility - breakSecurePassword parses correct format","@withstudiocms/auth-kit Package Tests","Wed Oct 29 03:52:41 UTC 2025","passed","Wed Oct 29 03:52:41 UTC 2025","breakSecurePassword Tests","Password Utility Tests","",""
"","14","should apply logger and log span to Effect","runtimeLogger","Wed Oct 29 03:52:48 UTC 2025","passed","Wed Oct 29 03:52:48 UTC 2025","","","",""
"lowercases the result","0","convertToSafeString - lowercases the result","@withstudiocms/internal_helpers Package Tests","Wed Oct 29 03:52:17 UTC 2025","passed","Wed Oct 29 03:52:17 UTC 2025","convertToSafeString - lowercases the result","Utility Functions","",""
"","0","Middleware - sortByPriority","@withstudiocms/effect Package Tests","Wed Oct 29 03:52:35 UTC 2025","passed","Wed Oct 29 03:52:35 UTC 2025","sortByPriority Tests","Middleware Utility Tests","",""
"","17","Scrypt - makeScrypt creates Scrypt instance with valid config","@withstudiocms/auth-kit Package Tests","Wed Oct 29 03:52:58 UTC 2025","passed","Wed Oct 29 03:52:58 UTC 2025","makeScrypt Tests","Default Module Tests","",""
"","3","should reject invalid types","dashboardConfigSchema","Wed Oct 29 03:53:00 UTC 2025","passed","Wed Oct 29 03:53:00 UTC 2025","","","",""
"","2","returns ""Administrator"" for ""admin""","getLabelForPermissionLevel","Wed Oct 29 03:53:09 UTC 2025","passed","Wed Oct 29 03:53:09 UTC 2025","","","",""
"","1","runStudioCMSConfigHook collects config options","StudioCMSPluginTester","Wed Oct 29 03:52:47 UTC 2025","passed","Wed Oct 29 03:52:47 UTC 2025","","","",""
"","0","should create layer with makeLayer","WordPress API Configs","Wed Oct 29 03:52:23 UTC 2025","passed","Wed Oct 29 03:52:23 UTC 2025","","ImportEndpointConfig","",""
"","1","makePasswordModConfig - environment variable overrides work correctly","@withstudiocms/auth-kit Package Tests","Wed Oct 29 03:52:26 UTC 2025","passed","Wed Oct 29 03:52:26 UTC 2025","makePasswordModConfig Tests","Config Tests","",""
"","1","Response Helpers - AllResponse","@withstudiocms/effect Package Tests","Wed Oct 29 03:52:24 UTC 2025","passed","Wed Oct 29 03:52:24 UTC 2025","AllResponse Tests","Response Helpers Tests","",""
"","1","Libravatar Utils - srvHostname with 2 records","@withstudiocms/auth-kit Package Tests","Wed Oct 29 03:52:25 UTC 2025","passed","Wed Oct 29 03:52:25 UTC 2025","srvHostname Tests","Libravatar Utility Tests","",""
"","3","SMTPService - Transport Status Methods (getVersionString)","@withstudiocms/effect Package Tests","Wed Oct 29 03:52:25 UTC 2025","passed","Wed Oct 29 03:52:25 UTC 2025","Transport Status Method Tests","SMTP Service Tests","",""
"","0","returns green for <=100","webVitalsUtils","Wed Oct 29 03:52:23 UTC 2025","passed","Wed Oct 29 03:52:23 UTC 2025","","progressBarInpColor","",""
"","0","Middleware - matchFilterCheck","@withstudiocms/effect Package Tests","Wed Oct 29 03:52:35 UTC 2025","passed","Wed Oct 29 03:52:35 UTC 2025","matchFilterCheck Tests","Middleware Utility Tests","",""
"","4","Editor with undefined content","Editor component","Wed Oct 29 03:52:32 UTC 2025","passed","Wed Oct 29 03:52:32 UTC 2025","","","",""
"","0","returns undefined for string with only spaces","heroHelper tests","Wed Oct 29 03:52:50 UTC 2025","passed","Wed Oct 29 03:52:50 UTC 2025","","trimInput","",""
"","43","returns error for unknown key","setLocals","Wed Oct 29 03:52:42 UTC 2025","passed","Wed Oct 29 03:52:42 UTC 2025","","","",""
"","1","should include Discord SVG logo","@studiocms/discord","Wed Oct 29 03:52:36 UTC 2025","passed","Wed Oct 29 03:52:36 UTC 2025","","hooks","",""
"","7","API Route - withEffectAPI","@withstudiocms/effect Package Tests","Wed Oct 29 03:52:19 UTC 2025","passed","Wed Oct 29 03:52:19 UTC 2025","withEffectAPI Tests","API Route Helpers Tests","",""
"","1","getLatestVersion - Returns cached version if dev mode and cache is fresh","@withstudiocms/internal_helpers Package Tests","Wed Oct 29 03:52:16 UTC 2025","passed","Wed Oct 29 03:52:16 UTC 2025","getLatestVersion - Returns cached version if dev mode and cache is fresh","Astro Integration Utility Tests","",""
"","0","should have no required dependencies","@studiocms/google","Wed Oct 29 03:52:37 UTC 2025","passed","Wed Oct 29 03:52:37 UTC 2025","","plugin structure","",""
"","17","Buildkit CLI - build command with entry point","@withstudiocms/buildkit Package Tests","Wed Oct 29 03:52:43 UTC 2025","passed","Wed Oct 29 03:52:43 UTC 2025","Buildkit CLI - build command with entry point","CLI Tests","",""
"","3","render component","Components Container tests","Wed Oct 29 03:52:33 UTC 2025","passed","Wed Oct 29 03:52:33 UTC 2025","OAuthButton component","Auth components","",""
"","2","fails on array with non-number","SDKCore_Parsers","Wed Oct 29 03:52:45 UTC 2025","passed","Wed Oct 29 03:52:45 UTC 2025","","parseIdNumberArray","",""
"","2","Encryption Module - decryptToString throws DecryptionError on invalid data","@withstudiocms/auth-kit Package Tests","Wed Oct 29 03:52:46 UTC 2025","passed","Wed Oct 29 03:52:46 UTC 2025","decryptToString Error Handling Tests","Encryption Module Tests","",""
"","0","should return path unchanged if leading slash exists","pathGenerator utilities","Wed Oct 29 03:52:50 UTC 2025","passed","Wed Oct 29 03:52:50 UTC 2025","","ensureLeadingSlash","",""
"","1","User Module - getUserPasswordHash returns the user password","@withstudiocms/auth-kit Package Tests","Wed Oct 29 03:52:21 UTC 2025","passed","Wed Oct 29 03:52:21 UTC 2025","getUserPasswordHash Tests","User Module Tests","",""
"","4","Scrypt - Service Tests - Should work with key length: 64","@withstudiocms/effect Package Tests","Wed Oct 29 03:52:18 UTC 2025","passed","Wed Oct 29 03:52:18 UTC 2025","ScryptService Tests","Scrypt Service Tests","",""
"","3","should set frontend navigation, rendering, and sitemap in the config setup hook","studiocms/blog","Wed Oct 29 03:52:57 UTC 2025","passed","Wed Oct 29 03:52:57 UTC 2025","","hooks","",""
"","0","replaceCodePoint with input: 65","@withstudiocms/component-registry Package Tests","Wed Oct 29 03:52:28 UTC 2025","passed","Wed Oct 29 03:52:28 UTC 2025","replaceCodePoint Tests","Component Proxy Tests","",""
"","0","Utility - convertUnderscoresToHyphens converts ""hello__world"" to ""hello--world""","@withstudiocms/component-registry Package Tests","Wed Oct 29 03:52:24 UTC 2025","passed","Wed Oct 29 03:52:24 UTC 2025","convertUnderscoresToHyphens Tests","Utility Tests","",""
"","0","pathWithBase - Strips leading slash and prepends one","@withstudiocms/internal_helpers Package Tests","Wed Oct 29 03:52:24 UTC 2025","passed","Wed Oct 29 03:52:24 UTC 2025","pathWithBase - Strips leading slash and prepends one","Path Generators Tests","",""
"","1","Drizzle - DrizzleClient creates context tag correctly","@withstudiocms/effect Package Tests","Wed Oct 29 03:52:28 UTC 2025","passed","Wed Oct 29 03:52:28 UTC 2025","DrizzleClient Tests","Drizzle Service Tests","",""
"","1","should store resolved options in shared context on astro:config:done","studiocmsMDX","Wed Oct 29 03:52:22 UTC 2025","passed","Wed Oct 29 03:52:22 UTC 2025","","plugin hooks","",""
"","1","_clearLibSQLError returns Effect.fail with SDKCoreError","error helpers","Wed Oct 29 03:52:32 UTC 2025","passed","Wed Oct 29 03:52:32 UTC 2025","","","",""
"","1","renderMarkDoc with argParse configuration","MarkDoc Render Library","Wed Oct 29 03:52:29 UTC 2025","passed","Wed Oct 29 03:52:29 UTC 2025","","","",""
"","0","accepts valid lifetime","CacheConfigSchema","Wed Oct 29 03:52:44 UTC 2025","passed","Wed Oct 29 03:52:44 UTC 2025","","","",""
"","0","stripLeadingAndTrailingSlashes removes both","@withstudiocms/internal_helpers Package Tests","Wed Oct 29 03:52:25 UTC 2025","passed","Wed Oct 29 03:52:25 UTC 2025","stripLeadingAndTrailingSlashes removes both","Path Generators Tests","",""
"","44","PageList renders correctly with no blog posts","PageList component","Wed Oct 29 03:53:08 UTC 2025","passed","Wed Oct 29 03:53:08 UTC 2025","","","",""
"","4","renderMarkDoc with transformConfig configuration","MarkDoc Render Library","Wed Oct 29 03:52:29 UTC 2025","passed","Wed Oct 29 03:52:29 UTC 2025","","","",""
"","3","Editor with very long content","Editor component","Wed Oct 29 03:52:32 UTC 2025","passed","Wed Oct 29 03:52:32 UTC 2025","","","",""
"","4","should use defaults when no config is provided","dashboardConfigSchema","Wed Oct 29 03:53:00 UTC 2025","passed","Wed Oct 29 03:53:00 UTC 2025","","","",""
"","7","TransformHTML Test Case","@withstudiocms/component-registry Package Tests","Wed Oct 29 03:52:34 UTC 2025","passed","Wed Oct 29 03:52:34 UTC 2025","transformHTML Tests","TransformHTML Tests","",""
"","0","should have studiocms:config:setup hook","studiocmsHTML","Wed Oct 29 03:52:35 UTC 2025","passed","Wed Oct 29 03:52:35 UTC 2025","","plugin hooks","",""
"","0","Libravatar Utils - sanitizedTarget","@withstudiocms/auth-kit Package Tests","Wed Oct 29 03:52:25 UTC 2025","passed","Wed Oct 29 03:52:25 UTC 2025","sanitizedTarget Tests","Libravatar Utility Tests","",""
"","1","should dispatch toggle-app event when clicking outside","app-utils","Wed Oct 29 03:52:33 UTC 2025","passed","Wed Oct 29 03:52:33 UTC 2025","","closeOnOutsideClick","",""
"","0","isFaviconExt should return true for valid extensions","FrontEndConfigSchema","Wed Oct 29 03:52:58 UTC 2025","passed","Wed Oct 29 03:52:58 UTC 2025","","","",""
"","1","removes defaultContent and multiLangContent from single object","convertCombinedPageDataToMetaOnly","Wed Oct 29 03:52:32 UTC 2025","passed","Wed Oct 29 03:52:32 UTC 2025","","","",""
"","0","should have hooks object","@studiocms/github","Wed Oct 29 03:52:37 UTC 2025","passed","Wed Oct 29 03:52:37 UTC 2025","","plugin structure","",""
"","2","plugin creation with custom options","StudioCMS WYSIWYG Plugin","Wed Oct 29 03:52:43 UTC 2025","passed","Wed Oct 29 03:52:43 UTC 2025","","","",""
"","2","returns CSS content","WYSIWYG Grapes CSS Route","Wed Oct 29 03:53:06 UTC 2025","passed","Wed Oct 29 03:53:06 UTC 2025","","","",""
"","0","returns false if cache is fresh","isCacheExpired","Wed Oct 29 03:52:32 UTC 2025","passed","Wed Oct 29 03:52:32 UTC 2025","","","",""
"","0","should have correct plugin identifier","@studiocms/discord","Wed Oct 29 03:52:36 UTC 2025","passed","Wed Oct 29 03:52:36 UTC 2025","","plugin structure","",""
"","1","should parse a valid metric summary row","MetricSummaryRowSchema","Wed Oct 29 03:52:51 UTC 2025","passed","Wed Oct 29 03:52:51 UTC 2025","","","",""
"","0","returns FolderListCacheObject with correct data and timestamp","folderListReturn","Wed Oct 29 03:52:32 UTC 2025","passed","Wed Oct 29 03:52:32 UTC 2025","","","",""
"","1","pluginLogger forks logger with correct label for id ""my-custom-plugin""","@withstudiocms/internal_helpers Package Tests","Wed Oct 29 03:52:16 UTC 2025","passed","Wed Oct 29 03:52:16 UTC 2025","pluginLogger - id: my-custom-plugin","Astro Integration Utility Tests","",""
"","4","should return an AstroIntegration object with correct name","robotsTXT","Wed Oct 29 03:53:11 UTC 2025","passed","Wed Oct 29 03:53:11 UTC 2025","","","",""
"","1","Watcher Utils - exists Tests","@withstudiocms/config-utils Package Tests","Wed Oct 29 03:52:50 UTC 2025","passed","Wed Oct 29 03:52:50 UTC 2025","exists Test Set","Watcher Utility Tests","",""
"","8","Buildkit CLI - build command with --no-clean-dist","@withstudiocms/buildkit Package Tests","Wed Oct 29 03:52:37 UTC 2025","passed","Wed Oct 29 03:52:37 UTC 2025","Buildkit CLI - build command with --no-clean-dist","CLI Tests","",""
"","0","returns original string if no whitespace","heroHelper tests","Wed Oct 29 03:52:50 UTC 2025","passed","Wed Oct 29 03:52:50 UTC 2025","","trimInput","",""
"","64","Scrypt - makeScrypt test hash succeeds","@withstudiocms/auth-kit Package Tests","Wed Oct 29 03:52:58 UTC 2025","passed","Wed Oct 29 03:52:58 UTC 2025","makeScrypt Tests","Default Module Tests","",""
"","0","logs and throws error for default","throwMsg","Wed Oct 29 03:52:28 UTC 2025","passed","Wed Oct 29 03:52:28 UTC 2025","","","",""
"","0","should throw on invalid metric type","WebVitalsMetricTypeSchema","Wed Oct 29 03:52:51 UTC 2025","passed","Wed Oct 29 03:52:51 UTC 2025","","","",""
"","1","plugin exports default function","StudioCMS MarkDoc Plugin","Wed Oct 29 03:52:33 UTC 2025","passed","Wed Oct 29 03:52:33 UTC 2025","","","",""
"","0","returns NaN if no LCP values","webVitalsUtils","Wed Oct 29 03:52:23 UTC 2025","passed","Wed Oct 29 03:52:23 UTC 2025","","lcpDataAverage","",""
"","0","pathWithBase - Strips leading slash and prepends one","@withstudiocms/internal_helpers Package Tests","Wed Oct 29 03:52:24 UTC 2025","passed","Wed Oct 29 03:52:24 UTC 2025","pathWithBase - Strips leading slash and prepends one","Path Generators Tests","",""
"","1","Deepmerge - respects custom options for merging arrays","@withstudiocms/effect Package Tests","Wed Oct 29 03:52:42 UTC 2025","passed","Wed Oct 29 03:52:42 UTC 2025","deepmerge Effect Tests","Deepmerge Utility Tests","",""
"","1","API Route - createEffectAPIRoutes","@withstudiocms/effect Package Tests","Wed Oct 29 03:52:19 UTC 2025","passed","Wed Oct 29 03:52:19 UTC 2025","createEffectAPIRoutes Tests","API Route Helpers Tests","",""
"","0","namedVirtual re-exports named export","VirtualModuleBuilder","Wed Oct 29 03:52:51 UTC 2025","passed","Wed Oct 29 03:52:51 UTC 2025","","","",""
"","14","ComponentRegistry - Integration Tests - multiple components workflow","@withstudiocms/component-registry Package Tests","Wed Oct 29 03:52:19 UTC 2025","passed","Wed Oct 29 03:52:19 UTC 2025","Integration Scenarios","Component Registry Tests","",""
"","0","trims site defaultOgImage before returning","heroHelper tests","Wed Oct 29 03:52:50 UTC 2025","passed","Wed Oct 29 03:52:50 UTC 2025","getHeroImage","trimInput","",""
"","0","makeDashboardRoute returns correct route with argument","routeMap","Wed Oct 29 03:52:35 UTC 2025","passed","Wed Oct 29 03:52:35 UTC 2025","","","",""
"","1","should throw error when JSON is invalid","readJson","Wed Oct 29 03:52:56 UTC 2025","passed","Wed Oct 29 03:52:56 UTC 2025","","","",""
"","1","does not throw for valid host","validateHost","Wed Oct 29 03:52:28 UTC 2025","passed","Wed Oct 29 03:52:28 UTC 2025","","","",""
"","0","should default providers to {}","authConfigSchema","Wed Oct 29 03:52:55 UTC 2025","passed","Wed Oct 29 03:52:55 UTC 2025","","","",""
"","4","Effect Utilities - runEffect resolves with value","@withstudiocms/effect Package Tests","Wed Oct 29 03:52:49 UTC 2025","passed","Wed Oct 29 03:52:49 UTC 2025","runEffect Tests","Effect Utility Tests","",""
"","3","render component with no content","Virtual Components Container tests","Wed Oct 29 03:53:05 UTC 2025","passed","Wed Oct 29 03:53:05 UTC 2025","","Renderer component","",""
"","0","returns false when opt is false","preRender","Wed Oct 29 03:52:55 UTC 2025","passed","Wed Oct 29 03:52:55 UTC 2025","","parseCallouts","",""
"","0","extracts CLS values and calculates average","webVitalsUtils","Wed Oct 29 03:52:23 UTC 2025","passed","Wed Oct 29 03:52:23 UTC 2025","","clsDataAverage","",""
"","1","should handle URL paths","readJson","Wed Oct 29 03:52:56 UTC 2025","passed","Wed Oct 29 03:52:56 UTC 2025","","","",""
"","2","should call definePlugin with correct configuration","Cloudinary Image Service Plugin","Wed Oct 29 03:52:21 UTC 2025","passed","Wed Oct 29 03:52:21 UTC 2025","","cloudinaryImageService","",""
"","0","User Utility - getLevel","@withstudiocms/auth-kit Package Tests","Wed Oct 29 03:52:40 UTC 2025","passed","Wed Oct 29 03:52:40 UTC 2025","getLevel Tests","User Utility Tests","",""
"","0","should create layer with makeLayer","WordPress API Configs","Wed Oct 29 03:52:23 UTC 2025","passed","Wed Oct 29 03:52:23 UTC 2025","","AstroAPIContextProvider","",""
"","0","should return true for a date within the last 7 days","checkDate","Wed Oct 29 03:53:02 UTC 2025","passed","Wed Oct 29 03:53:02 UTC 2025","","","",""
"","1","decodeHTML with input: A&#65;B","@withstudiocms/component-registry Package Tests","Wed Oct 29 03:52:28 UTC 2025","passed","Wed Oct 29 03:52:28 UTC 2025","decodeHTML Tests","Component Proxy Tests","",""
"","1","User Module - getUserData returns logged in session for valid user","@withstudiocms/auth-kit Package Tests","Wed Oct 29 03:52:21 UTC 2025","passed","Wed Oct 29 03:52:21 UTC 2025","getUserData Tests","User Module Tests","",""
"","2","Session Utility - makeExpirationDate throws SessionError if expTime is not a number","@withstudiocms/auth-kit Package Tests","Wed Oct 29 03:52:51 UTC 2025","passed","Wed Oct 29 03:52:51 UTC 2025","makeExpirationDate Error Handling Tests","Session Utility Tests","",""
"","0","should validate empty metadata array","WordPress API Schema","Wed Oct 29 03:52:23 UTC 2025","passed","Wed Oct 29 03:52:23 UTC 2025","","MetaDataSchema","",""
"","0","returns correct percent for ranges","webVitalsUtils","Wed Oct 29 03:52:23 UTC 2025","passed","Wed Oct 29 03:52:23 UTC 2025","","calculateLcpScorePercent","",""
"","5","preserves required star in select label","updateSelectElmLabel","Wed Oct 29 03:53:14 UTC 2025","passed","Wed Oct 29 03:53:14 UTC 2025","","","",""
"","0","fails on non-array input","SDKCore_Parsers","Wed Oct 29 03:52:45 UTC 2025","passed","Wed Oct 29 03:52:45 UTC 2025","","parseIdStringArray","",""
"","0","should allow clearing htmlConfig","shared module","Wed Oct 29 03:52:47 UTC 2025","passed","Wed Oct 29 03:52:47 UTC 2025","","shared object","",""
"","1","StudioCMSRoutes.endpointLinks contains expected keys and nested objects","routeMap","Wed Oct 29 03:52:35 UTC 2025","passed","Wed Oct 29 03:52:35 UTC 2025","","","",""
"","0","includes drafts if includeDrafts is true","filterPagesByDraftAndIndex","Wed Oct 29 03:52:32 UTC 2025","passed","Wed Oct 29 03:52:32 UTC 2025","","","",""
"","0","should have hooks object","@studiocms/google","Wed Oct 29 03:52:37 UTC 2025","passed","Wed Oct 29 03:52:37 UTC 2025","","plugin structure","",""
"","1","Clack - useClackError returns Effect that succeeds with value if no error is thrown","@withstudiocms/effect Package Tests","Wed Oct 29 03:52:51 UTC 2025","passed","Wed Oct 29 03:52:51 UTC 2025","useClackError Tests","Clack Wrapper Tests","",""
"","2","SMTPService - SMTPTransportConfig Should Create Live Layer","@withstudiocms/effect Package Tests","Wed Oct 29 03:52:21 UTC 2025","passed","Wed Oct 29 03:52:21 UTC 2025","SMTPTransportConfig Tests","SMTP Service Tests","",""
"","0","fromCodePoint with input: 8364","@withstudiocms/component-registry Package Tests","Wed Oct 29 03:52:57 UTC 2025","passed","Wed Oct 29 03:52:57 UTC 2025","fromCodePoint Tests","Component Proxy Tests","",""
"","0","calculates average and floors to two decimals","webVitalsUtils","Wed Oct 29 03:52:23 UTC 2025","passed","Wed Oct 29 03:52:23 UTC 2025","","calculateLcpAverage","",""
"","4","render component with avatar fallback image","Components Container tests","Wed Oct 29 03:52:33 UTC 2025","passed","Wed Oct 29 03:52:33 UTC 2025","SSRUser component","Shared components","",""
"","0","should return the correct message from cause","SDKCoreError","Wed Oct 29 03:53:08 UTC 2025","passed","Wed Oct 29 03:53:08 UTC 2025","","","",""
"","2","should be instance of AstroError","StudioCMSError","Wed Oct 29 03:53:09 UTC 2025","passed","Wed Oct 29 03:53:09 UTC 2025","","","",""
"","8","Drizzle - LibSQLClientError sets tag and cause","@withstudiocms/effect Package Tests","Wed Oct 29 03:52:28 UTC 2025","passed","Wed Oct 29 03:52:28 UTC 2025","LibSQLClientError Tests","Drizzle Service Tests","",""
"","1","should allow undefined (optional schema)","dashboardConfigSchema","Wed Oct 29 03:53:00 UTC 2025","passed","Wed Oct 29 03:53:00 UTC 2025","","","",""
"","0","returns ""Visitor"" for ""visitor""","getLabelForPermissionLevel","Wed Oct 29 03:53:09 UTC 2025","passed","Wed Oct 29 03:53:09 UTC 2025","","","",""
"","0","fileWithBase - Strips leading slash and prepends one","@withstudiocms/internal_helpers Package Tests","Wed Oct 29 03:52:24 UTC 2025","passed","Wed Oct 29 03:52:24 UTC 2025","fileWithBase - Strips leading slash and prepends one","Path Generators Tests","",""
"","0","validates sanitize with allowElements only","WYSIWYG Types and Schema","Wed Oct 29 03:52:36 UTC 2025","passed","Wed Oct 29 03:52:36 UTC 2025","","WYSIWYGSchema","",""
"","1","rejects invalid types","StudioCMSSanitizeOptionsSchema","Wed Oct 29 03:52:52 UTC 2025","passed","Wed Oct 29 03:52:52 UTC 2025","","","",""
"","1","should reject non-object input","HTMLSchema","Wed Oct 29 03:52:58 UTC 2025","passed","Wed Oct 29 03:52:58 UTC 2025","","validation","",""
"","1","Errors - prefixError - Basic Functionality","@withstudiocms/component-registry Package Tests","Wed Oct 29 03:52:36 UTC 2025","passed","Wed Oct 29 03:52:36 UTC 2025","prefixError Tests","Error Tests","",""
"","0","should create layer with makeLayer","WordPress API Configs","Wed Oct 29 03:52:23 UTC 2025","passed","Wed Oct 29 03:52:23 UTC 2025","","CategoryOrTagConfig","",""
"","1","Zod Utils - parseAndMerge Tests","@withstudiocms/config-utils Package Tests","Wed Oct 29 03:52:39 UTC 2025","passed","Wed Oct 29 03:52:39 UTC 2025","parseAndMerge Test Set","Zod Utility Tests","",""
"","1","TemplateRenderer - Strict mode throws error on missing variable","@withstudiocms/template-lang Package Tests","Wed Oct 29 03:52:16 UTC 2025","passed","Wed Oct 29 03:52:16 UTC 2025","TemplateRenderer - Strict mode throws error on missing variable","TemplateRenderer Tests","",""
"","783","decode-data-html - htmlDecodeTree properties","@withstudiocms/component-registry Package Tests","Wed Oct 29 03:53:07 UTC 2025","passed","Wed Oct 29 03:53:08 UTC 2025","decode-data-html Tests","Component Proxy Tests","",""
"throws SyntaxError on invalid JSON","1","jsonParse - throws SyntaxError on invalid JSON","@withstudiocms/internal_helpers Package Tests","Wed Oct 29 03:52:17 UTC 2025","passed","Wed Oct 29 03:52:17 UTC 2025","jsonParse - throws SyntaxError on invalid JSON","Utility Functions","",""
"","1","API Route - EffectAPIRouteBuilder","@withstudiocms/effect Package Tests","Wed Oct 29 03:52:19 UTC 2025","passed","Wed Oct 29 03:52:19 UTC 2025","EffectAPIRouteBuilder Tests","API Route Helpers Tests","",""
"","0","returns undefined for undefined input","heroHelper tests","Wed Oct 29 03:52:50 UTC 2025","passed","Wed Oct 29 03:52:50 UTC 2025","","trimInput","",""
"","0","type inference works correctly","WYSIWYG Types and Schema","Wed Oct 29 03:52:36 UTC 2025","passed","Wed Oct 29 03:52:36 UTC 2025","","WYSIWYGSchemaOptions type","",""
"","0","handles boolean false","SDKSchema","Wed Oct 29 03:52:44 UTC 2025","passed","Wed Oct 29 03:52:44 UTC 2025","","","",""
"","0","plugin creation with custom renderer","StudioCMS MarkDoc Plugin","Wed Oct 29 03:52:33 UTC 2025","passed","Wed Oct 29 03:52:33 UTC 2025","","","",""
"","1","getLatestVersion - returns null and warns if fetch response is not ok","@withstudiocms/internal_helpers Package Tests","Wed Oct 29 03:52:16 UTC 2025","passed","Wed Oct 29 03:52:16 UTC 2025","getLatestVersion - returns null and warns if fetch response is not ok","Astro Integration Utility Tests","",""
"","1","should validate StudioCMS flavor schema correctly","studiocmsMD","Wed Oct 29 03:52:19 UTC 2025","passed","Wed Oct 29 03:52:19 UTC 2025","","schema validation","",""
"","1","should log warn messages","S48Logger","Wed Oct 29 03:52:48 UTC 2025","passed","Wed Oct 29 03:52:48 UTC 2025","","","",""
"","1","should reject invalid callouts value","studiocmsMD","Wed Oct 29 03:52:19 UTC 2025","passed","Wed Oct 29 03:52:19 UTC 2025","","schema validation","",""
"","4","should create a plugin with default options","studiocmsHTML","Wed Oct 29 03:52:35 UTC 2025","passed","Wed Oct 29 03:52:35 UTC 2025","","plugin creation","",""
"","10","Encryption Module - encrypt and decrypt Uint8Array roundtrip","@withstudiocms/auth-kit Package Tests","Wed Oct 29 03:52:46 UTC 2025","passed","Wed Oct 29 03:52:46 UTC 2025","encrypt/decrypt Uint8Array Tests","Encryption Module Tests","",""
"","0","renders the Set Password button","userInvite template","Wed Oct 29 03:53:07 UTC 2025","passed","Wed Oct 29 03:53:07 UTC 2025","","","",""
"","1","should export multiple named constants","buildNamedMultiExportVirtual","Wed Oct 29 03:52:51 UTC 2025","passed","Wed Oct 29 03:52:51 UTC 2025","","","",""
"","2","should allow undefined input and default to {}","localUsernameAndPasswordConfig","Wed Oct 29 03:52:55 UTC 2025","passed","Wed Oct 29 03:52:55 UTC 2025","","","",""
"","0","removes studiocms_ prefix","safeString","Wed Oct 29 03:53:08 UTC 2025","passed","Wed Oct 29 03:53:08 UTC 2025","","","",""
"","0","fileWithBase - Strips leading slash and prepends one","@withstudiocms/internal_helpers Package Tests","Wed Oct 29 03:52:24 UTC 2025","passed","Wed Oct 29 03:52:24 UTC 2025","fileWithBase - Strips leading slash and prepends one","Path Generators Tests","",""
"","0","should not have astro config hook","@studiocms/google","Wed Oct 29 03:52:37 UTC 2025","passed","Wed Oct 29 03:52:37 UTC 2025","","hooks","",""
"","0","makePasswordModConfig with CMS_ENCRYPTION_KEY=""AQID"" throws error","@withstudiocms/auth-kit Package Tests","Wed Oct 29 03:52:26 UTC 2025","passed","Wed Oct 29 03:52:26 UTC 2025","makePasswordModConfig Tests","Config Tests","",""
"","1","Libravatar Utils - getAvatarUrl throws if no email or openid","@withstudiocms/auth-kit Package Tests","Wed Oct 29 03:52:25 UTC 2025","passed","Wed Oct 29 03:52:25 UTC 2025","getAvatarUrl Tests","Libravatar Utility Tests","",""
"","0","replaceCodePoint with input: 55296","@withstudiocms/component-registry Package Tests","Wed Oct 29 03:52:57 UTC 2025","passed","Wed Oct 29 03:52:57 UTC 2025","replaceCodePoint Tests","Component Proxy Tests","",""
"","3","should generate default head tags with required fields","headDefaults","Wed Oct 29 03:52:53 UTC 2025","passed","Wed Oct 29 03:52:53 UTC 2025","","","",""
"","1","should set up virtual imports correctly for Astro flavor without script injection","studiocmsMD","Wed Oct 29 03:52:19 UTC 2025","passed","Wed Oct 29 03:52:19 UTC 2025","","plugin hooks","",""
"","0","should allow empty HTMLSchemaOptions","HTMLSchema","Wed Oct 29 03:52:58 UTC 2025","passed","Wed Oct 29 03:52:58 UTC 2025","","type inference","",""
"","0","should have ""custom"" image with format ""web"" and null light/dark","validImages","Wed Oct 29 03:53:06 UTC 2025","passed","Wed Oct 29 03:53:06 UTC 2025","","","",""
"","1","should preserve all properties of the config object","defineStudioCMSConfig","Wed Oct 29 03:53:09 UTC 2025","passed","Wed Oct 29 03:53:09 UTC 2025","","","",""
"","1","renderMarkDoc with all configuration options","MarkDoc Render Library","Wed Oct 29 03:52:29 UTC 2025","passed","Wed Oct 29 03:52:29 UTC 2025","","","",""
"","1","should validate Astro flavor schema correctly","studiocmsMD","Wed Oct 29 03:52:19 UTC 2025","passed","Wed Oct 29 03:52:19 UTC 2025","","schema validation","",""
"","1","returns isValid=false for wrong algorithm","generateJwt & verifyJwt","Wed Oct 29 03:52:47 UTC 2025","passed","Wed Oct 29 03:52:47 UTC 2025","","","",""
"","1","PropsParser - extractPropsFromAstroFile - extract Props type alias from Astro File","@withstudiocms/component-registry Package Tests","Wed Oct 29 03:52:42 UTC 2025","passed","Wed Oct 29 03:52:42 UTC 2025","extractPropsFromAstroFile Tests","Props Parser Tests","",""
"","0","makeDashboardRoute returns a string","routeMap","Wed Oct 29 03:52:35 UTC 2025","passed","Wed Oct 29 03:52:35 UTC 2025","","","",""
"","0","Utility - convertUnderscoresToHyphens converts ""hello_world"" to ""hello-world""","@withstudiocms/component-registry Package Tests","Wed Oct 29 03:52:24 UTC 2025","passed","Wed Oct 29 03:52:24 UTC 2025","convertUnderscoresToHyphens Tests","Utility Tests","",""
"","2","API Route - createEffectAPIRoute","@withstudiocms/effect Package Tests","Wed Oct 29 03:52:19 UTC 2025","passed","Wed Oct 29 03:52:19 UTC 2025","createEffectAPIRoute Tests","API Route Helpers Tests","",""
"","3","render component","Components Container tests","Wed Oct 29 03:52:33 UTC 2025","passed","Wed Oct 29 03:52:33 UTC 2025","ThreeCanvasLoader component","Auth components","",""
"","0","getEditRoute returns correct edit route","routeMap","Wed Oct 29 03:52:35 UTC 2025","passed","Wed Oct 29 03:52:35 UTC 2025","","","",""
"","14","API Route - defineAPIRoute (deprecated Utility)","@withstudiocms/effect Package Tests","Wed Oct 29 03:52:19 UTC 2025","passed","Wed Oct 29 03:52:19 UTC 2025","defineAPIRoute Tests (Deprecated)","API Route Helpers Tests","",""
"","2","should include all required Auth0 environment variables","@studiocms/auth0","Wed Oct 29 03:52:36 UTC 2025","passed","Wed Oct 29 03:52:36 UTC 2025","","OAuth provider configuration","",""
"","3","Context Utils - parseAPIContextFormDataToObject","@withstudiocms/effect Package Tests","Wed Oct 29 03:52:26 UTC 2025","passed","Wed Oct 29 03:52:26 UTC 2025","parseAPIContextFormDataToObject Tests","Context Utils Tests","",""
"","2","replaces [...slug] with provided slug","getBlogRoute","Wed Oct 29 03:52:53 UTC 2025","passed","Wed Oct 29 03:52:53 UTC 2025","","","",""
"","0","should allow undefined input and default to {}","authProviderSchema","Wed Oct 29 03:52:55 UTC 2025","passed","Wed Oct 29 03:52:55 UTC 2025","","","",""
"","0","should provide default empty object when undefined","HTMLSchema","Wed Oct 29 03:52:58 UTC 2025","passed","Wed Oct 29 03:52:58 UTC 2025","","default values","",""
"","1","TransformHTML - Integration Test","@withstudiocms/component-registry Package Tests","Wed Oct 29 03:52:34 UTC 2025","passed","Wed Oct 29 03:52:34 UTC 2025","Integration Test","TransformHTML Tests","",""
"","2","should include all required GitHub environment variables","@studiocms/github","Wed Oct 29 03:52:37 UTC 2025","passed","Wed Oct 29 03:52:37 UTC 2025","","OAuth provider configuration","",""
"","1","User Utility - verifyUsernameSafe","@withstudiocms/auth-kit Package Tests","Wed Oct 29 03:52:40 UTC 2025","passed","Wed Oct 29 03:52:40 UTC 2025","verifyUsernameSafe Tests","User Utility Tests","",""
"","0","should validate status values","WordPress API Schema","Wed Oct 29 03:52:23 UTC 2025","passed","Wed Oct 29 03:52:23 UTC 2025","","StatusSchema","",""
"","0","HeadConfigSchema - hasTag detects existing title and meta","@withstudiocms/internal_helpers Package Tests","Wed Oct 29 03:52:21 UTC 2025","passed","Wed Oct 29 03:52:21 UTC 2025","HeadConfigSchema - hasTag detects existing title and meta","HeadConfigSchema Tests","",""
"","0","Libravatar Utils - sanitizedTarget","@withstudiocms/auth-kit Package Tests","Wed Oct 29 03:52:25 UTC 2025","passed","Wed Oct 29 03:52:25 UTC 2025","sanitizedTarget Tests","Libravatar Utility Tests","",""
"","56","ComponentRegistry - registerComponentFromFile - basic Astro file","@withstudiocms/component-registry Package Tests","Wed Oct 29 03:52:18 UTC 2025","passed","Wed Oct 29 03:52:18 UTC 2025","registerComponentFromFile Tests","Component Registry Tests","",""
"","0","returns NaN for empty array","webVitalsUtils","Wed Oct 29 03:52:23 UTC 2025","passed","Wed Oct 29 03:52:23 UTC 2025","","calculateClsAverage","",""
"","0","handles cache config object","SDKCacheSchema","Wed Oct 29 03:52:44 UTC 2025","passed","Wed Oct 29 03:52:44 UTC 2025","","","",""
"","2","should create a plugin with correct metadata","@studiocms/auth0","Wed Oct 29 03:52:36 UTC 2025","passed","Wed Oct 29 03:52:36 UTC 2025","","plugin creation","",""
"","0","TemplateRenderer - Number conversion to string","@withstudiocms/template-lang Package Tests","Wed Oct 29 03:52:16 UTC 2025","passed","Wed Oct 29 03:52:16 UTC 2025","TemplateRenderer - Number conversion to string","TemplateRenderer Tests","",""
"","30","returns correct permission flags for each level","getUserPermissions","Wed Oct 29 03:52:42 UTC 2025","passed","Wed Oct 29 03:52:42 UTC 2025","","","",""
"","3","should include base remark and rehype plugins","renderMDX","Wed Oct 29 03:52:16 UTC 2025","passed","Wed Oct 29 03:52:16 UTC 2025","","","",""
"","1","Password Utility - verifyPasswordLength - should return ""Password must be between 6 and 255 characters long."" for input ""123""","@withstudiocms/auth-kit Package Tests","Wed Oct 29 03:52:41 UTC 2025","passed","Wed Oct 29 03:52:41 UTC 2025","verifyPasswordLength Tests","Password Utility Tests","",""
"","0","should reject non-object locale","StudioCMSOptionsSchema","Wed Oct 29 03:52:57 UTC 2025","passed","Wed Oct 29 03:52:57 UTC 2025","","","",""
"","0","returns red for >2.5s","webVitalsUtils","Wed Oct 29 03:52:23 UTC 2025","passed","Wed Oct 29 03:52:23 UTC 2025","","progressBarLcpTrackColor","",""
"","0","Utility - dedent correctly dedents input","@withstudiocms/component-registry Package Tests","Wed Oct 29 03:52:24 UTC 2025","passed","Wed Oct 29 03:52:24 UTC 2025","dedent Tests","Utility Tests","",""
"","0","replaceCodePoint with input: 136","@withstudiocms/component-registry Package Tests","Wed Oct 29 03:52:57 UTC 2025","passed","Wed Oct 29 03:52:57 UTC 2025","replaceCodePoint Tests","Component Proxy Tests","",""
"","0","defaults enabled to true and lifetime to defaultCacheLifeTime","ProcessedCacheConfigSchema","Wed Oct 29 03:52:44 UTC 2025","passed","Wed Oct 29 03:52:44 UTC 2025","","","",""
"","0","returns pathname without lang prefix for English paths","i18n/server","Wed Oct 29 03:52:54 UTC 2025","passed","Wed Oct 29 03:52:54 UTC 2025","","getCurrentURLPath","",""
"","7","preserves required star in label","updateElmLabel","Wed Oct 29 03:53:14 UTC 2025","passed","Wed Oct 29 03:53:14 UTC 2025","","","",""
"","0","cacheConfig should be defined","cacheConfig and isCacheEnabled","Wed Oct 29 03:52:32 UTC 2025","passed","Wed Oct 29 03:52:32 UTC 2025","","","",""
"","0","should have correct plugin name","@studiocms/discord","Wed Oct 29 03:52:36 UTC 2025","passed","Wed Oct 29 03:52:36 UTC 2025","","plugin structure","",""
"","0","createURLGenFactory - Dashboard route with override","@withstudiocms/internal_helpers Package Tests","Wed Oct 29 03:52:55 UTC 2025","passed","Wed Oct 29 03:52:55 UTC 2025","createURLGenFactory - Dashboard route with override","createURLGenFactory Tests","",""
"","0","makePasswordModConfig with CMS_ENCRYPTION_KEY=""not-base64!"" throws error","@withstudiocms/auth-kit Package Tests","Wed Oct 29 03:52:26 UTC 2025","passed","Wed Oct 29 03:52:26 UTC 2025","makePasswordModConfig Tests","Config Tests","",""
"","4","Session Module - generateSessionToken returns a base32 string","@withstudiocms/auth-kit Package Tests","Wed Oct 29 03:52:27 UTC 2025","passed","Wed Oct 29 03:52:27 UTC 2025","generateSessionToken Tests","Session Module Tests","",""
"","1","Utility - integrationLogger logs at debug when verbose is true","@withstudiocms/component-registry Package Tests","Wed Oct 29 03:52:24 UTC 2025","passed","Wed Oct 29 03:52:24 UTC 2025","integrationLogger Tests","Utility Tests","",""
"","0","should export default cache lifetime values","consts.ts","Wed Oct 29 03:52:35 UTC 2025","passed","Wed Oct 29 03:52:35 UTC 2025","","","",""
"","0","returns site defaultOgImage if hero is whitespace","heroHelper tests","Wed Oct 29 03:52:50 UTC 2025","passed","Wed Oct 29 03:52:50 UTC 2025","getHeroImage","trimInput","",""
"","0","should format error prefix in red","getEventPrefix","Wed Oct 29 03:52:48 UTC 2025","passed","Wed Oct 29 03:52:48 UTC 2025","","","",""
"","0","should set showOAuth to true if any provider is enabled","oAuthButtonProviders","Wed Oct 29 03:53:13 UTC 2025","passed","Wed Oct 29 03:53:13 UTC 2025","","","",""
"","3","render component","Virtual Components Container tests","Wed Oct 29 03:53:05 UTC 2025","passed","Wed Oct 29 03:53:05 UTC 2025","","Generator component","",""
"","0","should aggregate page views for last24HoursData","buildPageRouteDataObject","Wed Oct 29 03:52:54 UTC 2025","passed","Wed Oct 29 03:52:54 UTC 2025","","","",""
"","0","should reject invalid endpoint type","schema","Wed Oct 29 03:52:46 UTC 2025","passed","Wed Oct 29 03:52:46 UTC 2025","","StudioCMSDevAppsSchema","",""
"","1","should handle very long URLs","cloudinaryImageService","Wed Oct 29 03:52:28 UTC 2025","passed","Wed Oct 29 03:52:28 UTC 2025","","edge cases","",""
"","3","createURLGenFactory - Non-dashboard route with override","@withstudiocms/internal_helpers Package Tests","Wed Oct 29 03:52:55 UTC 2025","passed","Wed Oct 29 03:52:55 UTC 2025","createURLGenFactory - Non-dashboard route with override","createURLGenFactory Tests","",""
"","1","User Utility - verifyUsernameCharacters","@withstudiocms/auth-kit Package Tests","Wed Oct 29 03:52:40 UTC 2025","passed","Wed Oct 29 03:52:40 UTC 2025","verifyUsernameCharacters Tests","User Utility Tests","",""
"","0","stripTrailingSlash removes trailing slash","@withstudiocms/internal_helpers Package Tests","Wed Oct 29 03:52:25 UTC 2025","passed","Wed Oct 29 03:52:25 UTC 2025","stripTrailingSlash removes trailing slash","Path Generators Tests","",""
"","0","throws SyntaxError for malformed JSON","Utils","Wed Oct 29 03:52:44 UTC 2025","passed","Wed Oct 29 03:52:44 UTC 2025","","parse","",""
"","2","Deepmerge - Effect Service - merges nested objects deeply","@withstudiocms/effect Package Tests","Wed Oct 29 03:52:42 UTC 2025","passed","Wed Oct 29 03:52:42 UTC 2025","Deepmerge Effect Service Tests","Deepmerge Utility Tests","",""
"","0","should include required styles and structure","notification template","Wed Oct 29 03:53:07 UTC 2025","passed","Wed Oct 29 03:53:07 UTC 2025","","","",""
"","4","Editor with null content","MDX Editor component","Wed Oct 29 03:52:45 UTC 2025","passed","Wed Oct 29 03:52:45 UTC 2025","","Edge cases","",""
"","0","should allow valid GridItemInput","GridItemInput","Wed Oct 29 03:52:36 UTC 2025","passed","Wed Oct 29 03:52:36 UTC 2025","","","",""
"","0","fromCodePoint with input: 128512","@withstudiocms/component-registry Package Tests","Wed Oct 29 03:52:57 UTC 2025","passed","Wed Oct 29 03:52:57 UTC 2025","fromCodePoint Tests","Component Proxy Tests","",""
"","4","Editor with undefined content","MDX Editor component","Wed Oct 29 03:52:45 UTC 2025","passed","Wed Oct 29 03:52:45 UTC 2025","","","",""
"","0","TemplateRenderer - Boolean conversion to string","@withstudiocms/template-lang Package Tests","Wed Oct 29 03:52:16 UTC 2025","passed","Wed Oct 29 03:52:16 UTC 2025","TemplateRenderer - Boolean conversion to string","TemplateRenderer Tests","",""
"","1","should throw StudioCMSCoreError for unsupported favicon extension","headDefaults","Wed Oct 29 03:52:53 UTC 2025","passed","Wed Oct 29 03:52:53 UTC 2025","","","",""
"","0","Middleware - handlerFilter","@withstudiocms/effect Package Tests","Wed Oct 29 03:52:35 UTC 2025","passed","Wed Oct 29 03:52:35 UTC 2025","handlerFilter Tests","Middleware Utility Tests","",""
"","0","calculates average and rounds to two decimals","webVitalsUtils","Wed Oct 29 03:52:23 UTC 2025","passed","Wed Oct 29 03:52:23 UTC 2025","","calculateClsAverage","",""
"","0","buildVirtualImport Test Case","@withstudiocms/component-registry Package Tests","Wed Oct 29 03:52:46 UTC 2025","passed","Wed Oct 29 03:52:46 UTC 2025","buildVirtualImport Tests","Registry Constants Tests","",""
"","0","should have correct minimum version requirement","@studiocms/discord","Wed Oct 29 03:52:36 UTC 2025","passed","Wed Oct 29 03:52:36 UTC 2025","","plugin structure","",""
"","0","Utility - dedent correctly dedents input","@withstudiocms/component-registry Package Tests","Wed Oct 29 03:52:24 UTC 2025","passed","Wed Oct 29 03:52:24 UTC 2025","dedent Tests","Utility Tests","",""
"","0","dynamicVirtual exports all modules","VirtualModuleBuilder","Wed Oct 29 03:52:51 UTC 2025","passed","Wed Oct 29 03:52:51 UTC 2025","","","",""
"","0","throws error for invalid blockElements type","WYSIWYG Types and Schema","Wed Oct 29 03:52:36 UTC 2025","passed","Wed Oct 29 03:52:36 UTC 2025","","WYSIWYGSchema","",""
"","0","fileWithBase - Strips leading slash and prepends one","@withstudiocms/internal_helpers Package Tests","Wed Oct 29 03:52:24 UTC 2025","passed","Wed Oct 29 03:52:24 UTC 2025","fileWithBase - Strips leading slash and prepends one","Path Generators Tests","",""
"","0","should allow custom message and hint","StudioCMSError","Wed Oct 29 03:53:09 UTC 2025","passed","Wed Oct 29 03:53:09 UTC 2025","","","",""
"","0","rejects invalid plugin list items","SafePluginListSchema","Wed Oct 29 03:52:52 UTC 2025","passed","Wed Oct 29 03:52:52 UTC 2025","","","",""
"","20","render component","Components Container tests","Wed Oct 29 03:52:33 UTC 2025","passed","Wed Oct 29 03:52:33 UTC 2025","FallbackCanvas component","Auth components","",""
"","0","Middleware - matchFilterCheck","@withstudiocms/effect Package Tests","Wed Oct 29 03:52:35 UTC 2025","passed","Wed Oct 29 03:52:35 UTC 2025","matchFilterCheck Tests","Middleware Utility Tests","",""
"","0","Utility - getIndent returns "" "" for input "" hello world""","@withstudiocms/component-registry Package Tests","Wed Oct 29 03:52:24 UTC 2025","passed","Wed Oct 29 03:52:24 UTC 2025","getIndent Tests","Utility Tests","",""
"","1","Zod Utils - parseAndMerge Tests","@withstudiocms/config-utils Package Tests","Wed Oct 29 03:52:39 UTC 2025","passed","Wed Oct 29 03:52:39 UTC 2025","parseAndMerge Test Set","Zod Utility Tests","",""
"","4","Editor renders with no props","Editor component","Wed Oct 29 03:52:32 UTC 2025","passed","Wed Oct 29 03:52:32 UTC 2025","","","",""
"","2","createComponentProxy - handles decoding errors gracefully","@withstudiocms/component-registry Package Tests","Wed Oct 29 03:52:38 UTC 2025","passed","Wed Oct 29 03:52:38 UTC 2025","createComponentProxy Tests","Component Proxy Tests","",""
"","4","render component","Virtual Components Container tests","Wed Oct 29 03:53:05 UTC 2025","passed","Wed Oct 29 03:53:05 UTC 2025","","FormattedDate component","",""
"","2","should create plugin with correct configuration","Cloudinary Image Service Plugin","Wed Oct 29 03:52:21 UTC 2025","passed","Wed Oct 29 03:52:21 UTC 2025","","cloudinaryImageService","",""
"","0","should export default function","@studiocms/auth0","Wed Oct 29 03:52:36 UTC 2025","passed","Wed Oct 29 03:52:36 UTC 2025","","plugin creation","",""
"","0","accepts custom values","ProcessedCacheConfigSchema","Wed Oct 29 03:52:44 UTC 2025","passed","Wed Oct 29 03:52:44 UTC 2025","","","",""
"","0","should correctly infer HTMLSchemaOptions type","HTMLSchema","Wed Oct 29 03:52:58 UTC 2025","passed","Wed Oct 29 03:52:58 UTC 2025","","type inference","",""
"","0","should not have astro config hook","@studiocms/discord","Wed Oct 29 03:52:36 UTC 2025","passed","Wed Oct 29 03:52:36 UTC 2025","","hooks","",""
"","2","Encryption Module - encryptToString and decryptToString roundtrip","@withstudiocms/auth-kit Package Tests","Wed Oct 29 03:52:46 UTC 2025","passed","Wed Oct 29 03:52:46 UTC 2025","encryptToString/decryptToString Tests","Encryption Module Tests","",""
"","0","should validate complete category data","WordPress API Schema","Wed Oct 29 03:52:23 UTC 2025","passed","Wed Oct 29 03:52:23 UTC 2025","","Category","",""
"","0","should use default values when config is not provided","schema","Wed Oct 29 03:52:46 UTC 2025","passed","Wed Oct 29 03:52:46 UTC 2025","","StudioCMSDevAppsSchema","",""
"","0","isFaviconExt should return false for invalid extensions","FrontEndConfigSchema","Wed Oct 29 03:52:58 UTC 2025","passed","Wed Oct 29 03:52:58 UTC 2025","","","",""
"","2","should be defined","FALLBACK_OG_IMAGE","Wed Oct 29 03:53:13 UTC 2025","passed","Wed Oct 29 03:53:13 UTC 2025","","","",""
"","0","renderMarkDoc handles empty content","MarkDoc Render Library","Wed Oct 29 03:52:29 UTC 2025","passed","Wed Oct 29 03:52:29 UTC 2025","","","",""
"","0","StudioCMSRoutes.fts contains expected keys","routeMap","Wed Oct 29 03:52:35 UTC 2025","passed","Wed Oct 29 03:52:35 UTC 2025","","","",""
"","0","should inherit properties from StudioCMSError","StudioCMSCoreError","Wed Oct 29 03:53:09 UTC 2025","passed","Wed Oct 29 03:53:09 UTC 2025","","","",""
"","0","decodeXML with input: foo &lt; bar &gt; baz","@withstudiocms/component-registry Package Tests","Wed Oct 29 03:52:28 UTC 2025","passed","Wed Oct 29 03:52:28 UTC 2025","decodeXML Tests","Component Proxy Tests","",""
"lowercases the result","0","convertToSafeString - lowercases the result","@withstudiocms/internal_helpers Package Tests","Wed Oct 29 03:52:17 UTC 2025","passed","Wed Oct 29 03:52:17 UTC 2025","convertToSafeString - lowercases the result","Utility Functions","",""
"","0","should have studiocms:astro:config hook","studiocmsMDX","Wed Oct 29 03:52:22 UTC 2025","passed","Wed Oct 29 03:52:22 UTC 2025","","plugin hooks","",""
"","0","should include Auth0 SVG logo","@studiocms/auth0","Wed Oct 29 03:52:36 UTC 2025","passed","Wed Oct 29 03:52:36 UTC 2025","","hooks","",""
"","0","dynamicWithAstroVirtual combines dynamic and astro exports","VirtualModuleBuilder","Wed Oct 29 03:52:51 UTC 2025","passed","Wed Oct 29 03:52:51 UTC 2025","","","",""
"","6","info logs message at specified logLevel when verbose is true","@withstudiocms/internal_helpers Package Tests","Wed Oct 29 03:52:16 UTC 2025","passed","Wed Oct 29 03:52:16 UTC 2025","integrationLogger - info method","Astro Integration Utility Tests","",""
"","1","removes defaultContent and multiLangContent from array","convertCombinedPageDataToMetaOnly","Wed Oct 29 03:52:32 UTC 2025","passed","Wed Oct 29 03:52:32 UTC 2025","","","",""
"parses example changelog markdown","25","loadChangelog - parses example changelog markdown","@withstudiocms/internal_helpers Package Tests","Wed Oct 29 03:52:17 UTC 2025","passed","Wed Oct 29 03:52:17 UTC 2025","loadChangelog - parses example changelog markdown","Utility Functions","",""
"","39","Context Utils - readAPIContextJson","@withstudiocms/effect Package Tests","Wed Oct 29 03:52:26 UTC 2025","passed","Wed Oct 29 03:52:26 UTC 2025","readAPIContextJson Tests","Context Utils Tests","",""
"","2","should return an HTML string containing the provided link","verifyEmail template","Wed Oct 29 03:53:09 UTC 2025","passed","Wed Oct 29 03:53:09 UTC 2025","","","",""
"","1","Encryption Module - encrypt and decrypt empty string","@withstudiocms/auth-kit Package Tests","Wed Oct 29 03:52:46 UTC 2025","passed","Wed Oct 29 03:52:46 UTC 2025","encrypt/decrypt empty string Tests","Encryption Module Tests","",""
"","2","Session Module - createUserSession creates session and sets cookie","@withstudiocms/auth-kit Package Tests","Wed Oct 29 03:52:27 UTC 2025","passed","Wed Oct 29 03:52:27 UTC 2025","createUserSession Tests","Session Module Tests","",""
"","0","Utility - convertUnderscoresToHyphens converts ""_hello_world_"" to ""-hello-world-""","@withstudiocms/component-registry Package Tests","Wed Oct 29 03:52:24 UTC 2025","passed","Wed Oct 29 03:52:24 UTC 2025","convertUnderscoresToHyphens Tests","Utility Tests","",""
"","0","should validate double sidebar page","DashboardPageSchema","Wed Oct 29 03:52:36 UTC 2025","passed","Wed Oct 29 03:52:36 UTC 2025","","","",""
"","0","should export NotificationSettingsDefaults","consts.ts","Wed Oct 29 03:52:35 UTC 2025","passed","Wed Oct 29 03:52:35 UTC 2025","","","",""
"","2","User Utility - getDefaultUserSession","@withstudiocms/auth-kit Package Tests","Wed Oct 29 03:52:40 UTC 2025","passed","Wed Oct 29 03:52:40 UTC 2025","getDefaultUserSession Tests","User Utility Tests","",""
"","0","Utility - convertHyphensToUnderscores converts ""helloworld"" to ""helloworld""","@withstudiocms/component-registry Package Tests","Wed Oct 29 03:52:24 UTC 2025","passed","Wed Oct 29 03:52:24 UTC 2025","convertHyphensToUnderscores Tests","Utility Tests","",""
"","0","Middleware - matchFilterCheck","@withstudiocms/effect Package Tests","Wed Oct 29 03:52:35 UTC 2025","passed","Wed Oct 29 03:52:35 UTC 2025","matchFilterCheck Tests","Middleware Utility Tests","",""
"","0","Middleware - sortByPriority","@withstudiocms/effect Package Tests","Wed Oct 29 03:52:35 UTC 2025","passed","Wed Oct 29 03:52:35 UTC 2025","sortByPriority Tests","Middleware Utility Tests","",""
"","1","should aggregate last24HoursData correctly","buildPerPageRouteDataObject","Wed Oct 29 03:52:39 UTC 2025","passed","Wed Oct 29 03:52:39 UTC 2025","","","",""
"","1","throws error for non-object input","WYSIWYG Types and Schema","Wed Oct 29 03:52:36 UTC 2025","passed","Wed Oct 29 03:52:36 UTC 2025","","WYSIWYGSchema","",""
"","1","should log initialization message","Cloudinary Image Service Plugin","Wed Oct 29 03:52:21 UTC 2025","passed","Wed Oct 29 03:52:21 UTC 2025","studiocms:config:setup hook","plugin hooks","",""
"","0","Middleware - handlerFilter","@withstudiocms/effect Package Tests","Wed Oct 29 03:52:35 UTC 2025","passed","Wed Oct 29 03:52:35 UTC 2025","handlerFilter Tests","Middleware Utility Tests","",""
"","3","should accept valid favicon extensions","FrontEndConfigSchema","Wed Oct 29 03:52:58 UTC 2025","passed","Wed Oct 29 03:52:58 UTC 2025","","","",""
"","0","Editor validates props interface","Editor component","Wed Oct 29 03:52:32 UTC 2025","passed","Wed Oct 29 03:52:32 UTC 2025","","","",""
"","23","Navigation renders correctly","Navigation component","Wed Oct 29 03:53:11 UTC 2025","passed","Wed Oct 29 03:53:11 UTC 2025","","","",""
"","0","should aggregate page views for last30DaysData","buildPageRouteDataObject","Wed Oct 29 03:52:54 UTC 2025","passed","Wed Oct 29 03:52:54 UTC 2025","","","",""
"","2","should use resolved paths in plugin configuration","Cloudinary Image Service Plugin","Wed Oct 29 03:52:21 UTC 2025","passed","Wed Oct 29 03:52:21 UTC 2025","","cloudinaryImageService","",""
"","0","filters final metrics correctly (rating_end or quartile*25==75)","processWebVitalsSummary","Wed Oct 29 03:52:49 UTC 2025","passed","Wed Oct 29 03:52:49 UTC 2025","","","",""
"","0","Utility - getIndent returns """" for input ""hello world""","@withstudiocms/component-registry Package Tests","Wed Oct 29 03:52:24 UTC 2025","passed","Wed Oct 29 03:52:24 UTC 2025","getIndent Tests","Utility Tests","",""
"","0","handles database operations","WYSIWYG Store Route","Wed Oct 29 03:52:24 UTC 2025","passed","Wed Oct 29 03:52:24 UTC 2025","","","",""
"","3","should validate open status","WordPress API Schema","Wed Oct 29 03:52:23 UTC 2025","passed","Wed Oct 29 03:52:23 UTC 2025","","OpenClosedSchema","",""
"","1","should return enabled notification options from FormData","getEnabledNotificationCheckboxes","Wed Oct 29 03:53:02 UTC 2025","passed","Wed Oct 29 03:53:02 UTC 2025","","","",""
"","1","Errors - prefixError - Should handle undefined error gracefully","@withstudiocms/component-registry Package Tests","Wed Oct 29 03:52:36 UTC 2025","passed","Wed Oct 29 03:52:36 UTC 2025","prefixError Tests","Error Tests","",""
"","0","should have studiocms:config:setup hook","@studiocms/google","Wed Oct 29 03:52:37 UTC 2025","passed","Wed Oct 29 03:52:37 UTC 2025","","hook implementation","",""
"","0","Libravatar Utils - serviceName for domain ""example.com"" with https=true","@withstudiocms/auth-kit Package Tests","Wed Oct 29 03:52:25 UTC 2025","passed","Wed Oct 29 03:52:25 UTC 2025","serviceName Tests","Libravatar Utility Tests","",""
"","0","handles multiple metric names independently","processWebVitalsSummary","Wed Oct 29 03:52:49 UTC 2025","passed","Wed Oct 29 03:52:49 UTC 2025","","","",""
"","0","Middleware - handlerFilter","@withstudiocms/effect Package Tests","Wed Oct 29 03:52:35 UTC 2025","passed","Wed Oct 29 03:52:35 UTC 2025","handlerFilter Tests","Middleware Utility Tests","",""
"","1","should reject invalid flavor","studiocmsMD","Wed Oct 29 03:52:19 UTC 2025","passed","Wed Oct 29 03:52:19 UTC 2025","","schema validation","",""
"","3","calls fetch with correct arguments and shows success toast on login","formListener","Wed Oct 29 03:53:14 UTC 2025","passed","Wed Oct 29 03:53:14 UTC 2025","","","",""
"","0","should accept demoMode: false","developerConfigSchema","Wed Oct 29 03:53:06 UTC 2025","passed","Wed Oct 29 03:53:06 UTC 2025","","","",""
"","2","Drizzle - makeQuery - Should work with no input","@withstudiocms/effect Package Tests","Wed Oct 29 03:52:28 UTC 2025","passed","Wed Oct 29 03:52:28 UTC 2025","DrizzleDBClientService.makeQuery No Input Tests","Drizzle Service Tests","",""
"","3","render component","Components Container tests","Wed Oct 29 03:52:33 UTC 2025","passed","Wed Oct 29 03:52:33 UTC 2025","Code component","Shared components","",""
"","1","Utility - convertHyphensToUnderscores converts ""hello-world"" to ""hello_world""","@withstudiocms/component-registry Package Tests","Wed Oct 29 03:52:24 UTC 2025","passed","Wed Oct 29 03:52:24 UTC 2025","convertHyphensToUnderscores Tests","Utility Tests","",""
"","1","should include GitHub SVG logo","@studiocms/github","Wed Oct 29 03:52:37 UTC 2025","passed","Wed Oct 29 03:52:37 UTC 2025","","hooks","",""
"","1","Clack - useClackErrorPromise returns Effect that fails with ClackError if error is thrown","@withstudiocms/effect Package Tests","Wed Oct 29 03:52:52 UTC 2025","passed","Wed Oct 29 03:52:52 UTC 2025","useClackErrorPromise Tests","Clack Wrapper Tests","",""
"","0","generates correct fetch URL for mixed-content","webVitalsUtils","Wed Oct 29 03:52:23 UTC 2025","passed","Wed Oct 29 03:52:23 UTC 2025","","generateLighthouseFetchUrl","",""
"","0","remapFilterSitemap returns correct locations (uncurried)","getBlogRoute","Wed Oct 29 03:52:53 UTC 2025","passed","Wed Oct 29 03:52:53 UTC 2025","","","",""
"","1","should handle special characters in image source","cloudinaryImageService","Wed Oct 29 03:52:28 UTC 2025","passed","Wed Oct 29 03:52:28 UTC 2025","","edge cases","",""
"","0","generates a token with noExpire=true (30 years)","generateJwt & verifyJwt","Wed Oct 29 03:52:47 UTC 2025","passed","Wed Oct 29 03:52:47 UTC 2025","","","",""
"","0","handles missing StudioCMS config safely","heroHelper tests","Wed Oct 29 03:52:50 UTC 2025","passed","Wed Oct 29 03:52:50 UTC 2025","getHeroImage","trimInput","",""
"","0","returns NaN if no CLS values","webVitalsUtils","Wed Oct 29 03:52:23 UTC 2025","passed","Wed Oct 29 03:52:23 UTC 2025","","clsDataAverage","",""
"","0","ensureTrailingSlash adds slash if missing","@withstudiocms/internal_helpers Package Tests","Wed Oct 29 03:52:24 UTC 2025","passed","Wed Oct 29 03:52:24 UTC 2025","ensureTrailingSlash adds slash if missing","Path Generators Tests","",""
"","0","handles extra properties gracefully","WYSIWYG Types and Schema","Wed Oct 29 03:52:36 UTC 2025","passed","Wed Oct 29 03:52:36 UTC 2025","","WYSIWYGSchema","",""
"","0","should allow partial overrides and use defaults for missing values","dashboardConfigSchema","Wed Oct 29 03:53:00 UTC 2025","passed","Wed Oct 29 03:53:00 UTC 2025","","","",""
"throws on unexpected structure","1","loadChangelog - throws on unexpected structure","@withstudiocms/internal_helpers Package Tests","Wed Oct 29 03:52:17 UTC 2025","passed","Wed Oct 29 03:52:17 UTC 2025","loadChangelog - throws on unexpected structure","Utility Functions","",""
"","1","should have the correct hooks defined","@studiocms/auth0","Wed Oct 29 03:52:36 UTC 2025","passed","Wed Oct 29 03:52:36 UTC 2025","","hooks","",""
"","0","Middleware - handlerFilter","@withstudiocms/effect Package Tests","Wed Oct 29 03:52:35 UTC 2025","passed","Wed Oct 29 03:52:35 UTC 2025","handlerFilter Tests","Middleware Utility Tests","",""
"","18","TransformHTML Test Case","@withstudiocms/component-registry Package Tests","Wed Oct 29 03:52:34 UTC 2025","passed","Wed Oct 29 03:52:34 UTC 2025","transformHTML Tests","TransformHTML Tests","",""
"","3","merges general values without overwriting security/plugins","setLocals","Wed Oct 29 03:52:42 UTC 2025","passed","Wed Oct 29 03:52:42 UTC 2025","","","",""
"","0","should include availableTranslations in serverUiTranslations","i18n/config","Wed Oct 29 03:53:06 UTC 2025","passed","Wed Oct 29 03:53:06 UTC 2025","","","",""
"","5","Scrypt - Service Tests - Should fail with ScryptError for invalid inputs","@withstudiocms/effect Package Tests","Wed Oct 29 03:52:18 UTC 2025","passed","Wed Oct 29 03:52:18 UTC 2025","ScryptService Tests","Scrypt Service Tests","",""
"","0","returns fallback if both hero and site defaultOgImage are whitespace","heroHelper tests","Wed Oct 29 03:52:50 UTC 2025","passed","Wed Oct 29 03:52:50 UTC 2025","getHeroImage","trimInput","",""
"","0","returns correct score text","webVitalsUtils","Wed Oct 29 03:52:23 UTC 2025","passed","Wed Oct 29 03:52:23 UTC 2025","","calculateLcpScoreText","",""
"","8","Deepmerge - Effect Service - merges two simple objects","@withstudiocms/effect Package Tests","Wed Oct 29 03:52:42 UTC 2025","passed","Wed Oct 29 03:52:42 UTC 2025","Deepmerge Effect Service Tests","Deepmerge Utility Tests","",""
"","0","switches path to selected language","i18n/server","Wed Oct 29 03:52:54 UTC 2025","passed","Wed Oct 29 03:52:54 UTC 2025","","switchLanguage","",""
"","1","should handle plugin with maximum configuration","studiocmsMDX","Wed Oct 29 03:52:22 UTC 2025","passed","Wed Oct 29 03:52:22 UTC 2025","","Edge cases","",""
"","36","Password Module - verifyPasswordStrength returns error string for short password","@withstudiocms/auth-kit Package Tests","Wed Oct 29 03:52:48 UTC 2025","passed","Wed Oct 29 03:52:48 UTC 2025","verifyPasswordStrength Tests","Password Module Tests","",""
"","3371","SMTPService - Full Integration Test","@withstudiocms/effect Package Tests","Wed Oct 29 03:52:25 UTC 2025","passed","Wed Oct 29 03:52:29 UTC 2025","Integration Tests","SMTP Service Tests","",""
"","1","Session Module - setSessionTokenCookie sets cookie on context","@withstudiocms/auth-kit Package Tests","Wed Oct 29 03:52:27 UTC 2025","passed","Wed Oct 29 03:52:27 UTC 2025","setSessionTokenCookie Tests","Session Module Tests","",""
"","0","should reject non-object features","StudioCMSOptionsSchema","Wed Oct 29 03:52:57 UTC 2025","passed","Wed Oct 29 03:52:57 UTC 2025","","","",""
"","0","handles empty slug","getBlogRoute","Wed Oct 29 03:52:53 UTC 2025","passed","Wed Oct 29 03:52:53 UTC 2025","","","",""
"","0","should allow overriding top-level options","FrontEndConfigSchema","Wed Oct 29 03:52:58 UTC 2025","passed","Wed Oct 29 03:52:58 UTC 2025","","","",""
"","0","should return undefined for non-built-in modules","nodeNamespaceBuiltinsAstro","Wed Oct 29 03:53:00 UTC 2025","passed","Wed Oct 29 03:53:00 UTC 2025","","resolveBuiltIns","",""
"","1","createRenderer handles undefined content","WYSIWYG Partial Route","Wed Oct 29 03:52:59 UTC 2025","passed","Wed Oct 29 03:52:59 UTC 2025","","","",""
"","1","Errors - ComponentProxyError - Inherit from AstroError","@withstudiocms/component-registry Package Tests","Wed Oct 29 03:52:36 UTC 2025","passed","Wed Oct 29 03:52:36 UTC 2025","ComponentProxyError Tests","Error Tests","",""
"","2","TemplateParser - Should parse simple variable","@withstudiocms/template-lang Package Tests","Wed Oct 29 03:52:16 UTC 2025","passed","Wed Oct 29 03:52:16 UTC 2025","TemplateParser - Should parse simple variable","TemplateParser Tests","",""
"","0","should handle empty route string","makeAPIRoute","Wed Oct 29 03:53:05 UTC 2025","passed","Wed Oct 29 03:53:05 UTC 2025","","","",""
"","0","should set correct favicon type for .png","headDefaults","Wed Oct 29 03:52:53 UTC 2025","passed","Wed Oct 29 03:52:53 UTC 2025","","","",""
"","0","should create layer with makeLayer","WordPress API Configs","Wed Oct 29 03:52:23 UTC 2025","passed","Wed Oct 29 03:52:23 UTC 2025","","FullPageData","",""
"","0","should handle plugin creation with null nested properties","studiocmsMDX","Wed Oct 29 03:52:22 UTC 2025","passed","Wed Oct 29 03:52:22 UTC 2025","","Edge cases","",""
"","2","should handle invalid options gracefully","StudioCMS DevApps Integration","Wed Oct 29 03:53:07 UTC 2025","passed","Wed Oct 29 03:53:07 UTC 2025","","studioCMSDevApps","",""
"","48","ComponentRegistry - registerComponentFromFile - error on no props","@withstudiocms/component-registry Package Tests","Wed Oct 29 03:52:18 UTC 2025","passed","Wed Oct 29 03:52:18 UTC 2025","registerComponentFromFile Tests","Component Registry Tests","",""
"","1","Utility - integrationLogger does not log info/debug when verbose is false for logLevel debug","@withstudiocms/component-registry Package Tests","Wed Oct 29 03:52:24 UTC 2025","passed","Wed Oct 29 03:52:24 UTC 2025","integrationLogger Tests","Utility Tests","",""
"","1","AuthKitOptions - Throws if session.cookieName is missing or empty","@withstudiocms/auth-kit Package Tests","Wed Oct 29 03:52:26 UTC 2025","passed","Wed Oct 29 03:52:26 UTC 2025","AuthKitOptions Tests","Config Tests","",""
"","0","should strip trailing slash from base","pathGenerator utilities","Wed Oct 29 03:52:50 UTC 2025","passed","Wed Oct 29 03:52:50 UTC 2025","","pathWithBase","",""
"","1","should add items to historicalData if name matches collect","buildDataObject","Wed Oct 29 03:52:45 UTC 2025","passed","Wed Oct 29 03:52:45 UTC 2025","","","",""
"","0","Libravatar Utils - sanitizedTarget","@withstudiocms/auth-kit Package Tests","Wed Oct 29 03:52:25 UTC 2025","passed","Wed Oct 29 03:52:25 UTC 2025","sanitizedTarget Tests","Libravatar Utility Tests","",""
"","31","Config Loader - loadConfigFile","@withstudiocms/config-utils Package Tests","Wed Oct 29 03:52:21 UTC 2025","passed","Wed Oct 29 03:52:21 UTC 2025","loadConfigFile Tests","Config Loader Tests","",""
"","0","returns ""Editor"" for ""editor""","getLabelForPermissionLevel","Wed Oct 29 03:53:09 UTC 2025","passed","Wed Oct 29 03:53:09 UTC 2025","","","",""
"","3","Errors - ComponentProxyError - Basic Properties","@withstudiocms/component-registry Package Tests","Wed Oct 29 03:52:36 UTC 2025","passed","Wed Oct 29 03:52:36 UTC 2025","ComponentProxyError Tests","Error Tests","",""
"","1","Scrypt - Scrypt.makeConfig static method","@withstudiocms/effect Package Tests","Wed Oct 29 03:52:17 UTC 2025","passed","Wed Oct 29 03:52:17 UTC 2025","Scrypt.makeConfig Tests","Scrypt Service Tests","",""
"","1","generates paths for English, omitting defaultLang prefix when showDefaultLang is false","i18n/server","Wed Oct 29 03:52:54 UTC 2025","passed","Wed Oct 29 03:52:54 UTC 2025","","staticPaths","",""
"","0","handles large content payloads","WYSIWYG Store Route","Wed Oct 29 03:52:24 UTC 2025","passed","Wed Oct 29 03:52:24 UTC 2025","","","",""
"","43","Integration Utils - Endpoint /file-watcher responds correctly","@withstudiocms/config-utils Package Tests","Wed Oct 29 03:53:01 UTC 2025","passed","Wed Oct 29 03:53:01 UTC 2025","Endpoint Tests","Integration Tests","",""
"","1","should add the blog integration in the astro config hook","studiocms/blog","Wed Oct 29 03:52:57 UTC 2025","passed","Wed Oct 29 03:52:57 UTC 2025","","hooks","",""
"","0","should create CategoryOrTagConfig with empty array","WordPress API Configs","Wed Oct 29 03:52:23 UTC 2025","passed","Wed Oct 29 03:52:23 UTC 2025","","CategoryOrTagConfig","",""
"","23","serves CSS content with correct headers","WYSIWYG Grapes CSS Route","Wed Oct 29 03:53:06 UTC 2025","passed","Wed Oct 29 03:53:06 UTC 2025","","","",""
"","0","appendSearchParamsToUrl (uncurried) appends param correctly","@withstudiocms/effect Package Tests","Wed Oct 29 03:52:49 UTC 2025","passed","Wed Oct 29 03:52:49 UTC 2025","appendSearchParamsToUrl Tests","Effect Utility Tests","",""
"returns empty string for input with only underscores","0","convertToSafeString - returns empty string for input with only underscores","@withstudiocms/internal_helpers Package Tests","Wed Oct 29 03:52:17 UTC 2025","passed","Wed Oct 29 03:52:17 UTC 2025","convertToSafeString - returns empty string for input with only underscores","Utility Functions","",""
"","0","should reject array with non-numbers","WordPress API Schema","Wed Oct 29 03:52:23 UTC 2025","passed","Wed Oct 29 03:52:23 UTC 2025","","NumberArray","",""
"","0","decodeCodePoint with input: 153 (Deprecated)","@withstudiocms/component-registry Package Tests","Wed Oct 29 03:52:57 UTC 2025","passed","Wed Oct 29 03:52:57 UTC 2025","decodeCodePoint Tests (Deprecated)","Component Proxy Tests","",""
"","2","prevents default event behavior","formListener","Wed Oct 29 03:53:14 UTC 2025","passed","Wed Oct 29 03:53:14 UTC 2025","","","",""
"","1","verifyUserPermissionLevel returns correct values","Permission logic","Wed Oct 29 03:53:14 UTC 2025","passed","Wed Oct 29 03:53:14 UTC 2025","","","",""
"","14","ComponentRegistry - getComponentProps - unregistered component","@withstudiocms/component-registry Package Tests","Wed Oct 29 03:52:18 UTC 2025","passed","Wed Oct 29 03:52:18 UTC 2025","getComponentProps Tests","Component Registry Tests","",""
"","1","passwordReset template should contain required variables","defaultTemplates","Wed Oct 29 03:53:04 UTC 2025","passed","Wed Oct 29 03:53:04 UTC 2025","","","",""
"","0","should handle route with trailing slash","makePublicRoute","Wed Oct 29 03:53:09 UTC 2025","passed","Wed Oct 29 03:53:09 UTC 2025","","","",""
"","0","TemplateParser - Should return false when variables exist (2)","@withstudiocms/template-lang Package Tests","Wed Oct 29 03:52:16 UTC 2025","passed","Wed Oct 29 03:52:16 UTC 2025","TemplateParser - Should return false when variables exist (2)","TemplateParser Tests","",""
"","0","should throw on invalid core metric","CoreWebVitalsMetricTypeSchema","Wed Oct 29 03:52:51 UTC 2025","passed","Wed Oct 29 03:52:51 UTC 2025","","","",""
"","0","Errors - prefixError - Should preserve stack and cause if possible","@withstudiocms/component-registry Package Tests","Wed Oct 29 03:52:36 UTC 2025","passed","Wed Oct 29 03:52:36 UTC 2025","prefixError Tests","Error Tests","",""
"","3","pathWithBase - Strips leading slash and prepends one","@withstudiocms/internal_helpers Package Tests","Wed Oct 29 03:52:24 UTC 2025","passed","Wed Oct 29 03:52:24 UTC 2025","pathWithBase - Strips leading slash and prepends one","Path Generators Tests","",""
"","0","should handle missing environment variables gracefully","Cloudinary Image Service Plugin","Wed Oct 29 03:52:21 UTC 2025","passed","Wed Oct 29 03:52:21 UTC 2025","","error handling","",""
"","107","Scrypt - Service Tests - Should handle buffer and Uint8Array inputs","@withstudiocms/effect Package Tests","Wed Oct 29 03:52:18 UTC 2025","passed","Wed Oct 29 03:52:18 UTC 2025","ScryptService Tests","Scrypt Service Tests","",""
"","3","Drizzle - execute - fails with LibSQLClientError on error","@withstudiocms/effect Package Tests","Wed Oct 29 03:52:28 UTC 2025","passed","Wed Oct 29 03:52:28 UTC 2025","DrizzleDBClientService.execute Tests","Drizzle Service Tests","",""
"","0","stripLeadingAndTrailingSlashes removes both","@withstudiocms/internal_helpers Package Tests","Wed Oct 29 03:52:25 UTC 2025","passed","Wed Oct 29 03:52:25 UTC 2025","stripLeadingAndTrailingSlashes removes both","Path Generators Tests","",""
"","0","should validate supported types","WordPress API Configs","Wed Oct 29 03:52:23 UTC 2025","passed","Wed Oct 29 03:52:23 UTC 2025","","APIEndpointConfig","",""
"","0","Watcher Utils - exists Tests","@withstudiocms/config-utils Package Tests","Wed Oct 29 03:52:50 UTC 2025","passed","Wed Oct 29 03:52:50 UTC 2025","exists Test Set","Watcher Utility Tests","",""
"","0","should handle route with special characters","makePublicRoute","Wed Oct 29 03:53:09 UTC 2025","passed","Wed Oct 29 03:53:09 UTC 2025","","","",""
"","0","should return undefined for empty or falsy id","nodeNamespaceBuiltinsAstro","Wed Oct 29 03:53:00 UTC 2025","passed","Wed Oct 29 03:53:00 UTC 2025","","resolveBuiltIns","",""
"","7","decode - input: &lt;tag&gt;","@withstudiocms/component-registry Package Tests","Wed Oct 29 03:53:04 UTC 2025","passed","Wed Oct 29 03:53:04 UTC 2025","decode Tests","Component Proxy Tests","",""
"","1","should reject invalid favicon extensions","FrontEndConfigSchema","Wed Oct 29 03:52:58 UTC 2025","passed","Wed Oct 29 03:52:58 UTC 2025","","","",""
"","1","returns the plugin options","definePlugin","Wed Oct 29 03:52:52 UTC 2025","passed","Wed Oct 29 03:52:52 UTC 2025","","","",""
"","121","Password Module - verifyPasswordHash returns true for correct password","@withstudiocms/auth-kit Package Tests","Wed Oct 29 03:52:48 UTC 2025","passed","Wed Oct 29 03:52:48 UTC 2025","verifyPasswordHash Tests","Password Module Tests","",""
"","8","Deepmerge - merges two simple objects","@withstudiocms/effect Package Tests","Wed Oct 29 03:52:42 UTC 2025","passed","Wed Oct 29 03:52:42 UTC 2025","deepmerge Effect Tests","Deepmerge Utility Tests","",""
"","2","Drizzle - execute - resolves with function result","@withstudiocms/effect Package Tests","Wed Oct 29 03:52:28 UTC 2025","passed","Wed Oct 29 03:52:28 UTC 2025","DrizzleDBClientService.execute Tests","Drizzle Service Tests","",""
"","0","TemplateEngine - Strict mode should throw error for missing variables","@withstudiocms/template-lang Package Tests","Wed Oct 29 03:52:16 UTC 2025","passed","Wed Oct 29 03:52:16 UTC 2025","TemplateEngine - Strict mode should throw error for missing variables","TemplateEngine Tests","",""
"","1","plugin sets up rendering configuration","StudioCMS WYSIWYG Plugin","Wed Oct 29 03:52:43 UTC 2025","passed","Wed Oct 29 03:52:43 UTC 2025","","","",""
"","0","handles strings without underscores or prefix","safeString","Wed Oct 29 03:53:08 UTC 2025","passed","Wed Oct 29 03:53:08 UTC 2025","","","",""
"","2","renderMarkDoc with react-static renderer","MarkDoc Render Library","Wed Oct 29 03:52:29 UTC 2025","passed","Wed Oct 29 03:52:29 UTC 2025","","","",""
"","0","should generate sorted languageSelectorOptions","i18n/config","Wed Oct 29 03:53:06 UTC 2025","passed","Wed Oct 29 03:53:06 UTC 2025","","","",""
"","0","should transform rating end 0 to false","MetricSummaryRowSchema","Wed Oct 29 03:52:51 UTC 2025","passed","Wed Oct 29 03:52:51 UTC 2025","","","",""
"","1","logs and throws error for type ""error""","throwMsg","Wed Oct 29 03:52:28 UTC 2025","passed","Wed Oct 29 03:52:28 UTC 2025","","","",""
"","1","User Module - createOAuthUser returns a user object","@withstudiocms/auth-kit Package Tests","Wed Oct 29 03:52:21 UTC 2025","passed","Wed Oct 29 03:52:21 UTC 2025","createOAuthUser Tests","User Module Tests","",""
"","1","notifications template should contain required variables","defaultTemplates","Wed Oct 29 03:53:04 UTC 2025","passed","Wed Oct 29 03:53:04 UTC 2025","","","",""
"","0","shouldSkipRendering returns true for known API routes","Route logic","Wed Oct 29 03:53:14 UTC 2025","passed","Wed Oct 29 03:53:14 UTC 2025","","","",""
"","1","should set up virtual imports correctly","studiocmsMDX","Wed Oct 29 03:52:22 UTC 2025","passed","Wed Oct 29 03:52:22 UTC 2025","","plugin hooks","",""
"","40","Handler - resolver - Catches errors thrown in the callback and returns an Error","@withstudiocms/component-registry Package Tests","Wed Oct 29 03:52:55 UTC 2025","passed","Wed Oct 29 03:52:55 UTC 2025","resolver Tests","Astro Handler Tests","",""
"","0","Middleware - sortByPriority","@withstudiocms/effect Package Tests","Wed Oct 29 03:52:35 UTC 2025","passed","Wed Oct 29 03:52:35 UTC 2025","sortByPriority Tests","Middleware Utility Tests","",""
"","0","throws if crawlDelay is out of range","generateContent","Wed Oct 29 03:52:28 UTC 2025","passed","Wed Oct 29 03:52:28 UTC 2025","","","",""
"","0","should have hooks object","@studiocms/auth0","Wed Oct 29 03:52:36 UTC 2025","passed","Wed Oct 29 03:52:36 UTC 2025","","plugin structure","",""
"","0","returns yellow for >100 and <=200","webVitalsUtils","Wed Oct 29 03:52:23 UTC 2025","passed","Wed Oct 29 03:52:23 UTC 2025","","progressBarInpColor","",""
"","0","TemplateRenderer - Deep nested properties","@withstudiocms/template-lang Package Tests","Wed Oct 29 03:52:16 UTC 2025","passed","Wed Oct 29 03:52:16 UTC 2025","TemplateRenderer - Deep nested properties","TemplateRenderer Tests","",""
"","0","handles multiple routes and metrics","processWebVitalsRouteSummary","Wed Oct 29 03:52:46 UTC 2025","passed","Wed Oct 29 03:52:46 UTC 2025","","","",""
"","0","throws if crawlDelay is not a number","generateContent","Wed Oct 29 03:52:28 UTC 2025","passed","Wed Oct 29 03:52:28 UTC 2025","","","",""
"","0","makeDashboardRoute should sanitize route","consts.ts","Wed Oct 29 03:52:35 UTC 2025","passed","Wed Oct 29 03:52:35 UTC 2025","","","",""
"","0","should return the passwordReset template","getTemplate","Wed Oct 29 03:53:13 UTC 2025","passed","Wed Oct 29 03:53:13 UTC 2025","","","",""
"","3","Editor with very long content","MDX Editor component","Wed Oct 29 03:52:45 UTC 2025","passed","Wed Oct 29 03:52:45 UTC 2025","","Edge cases","",""
"","0","should accept plugins array","StudioCMSOptionsSchema","Wed Oct 29 03:52:57 UTC 2025","passed","Wed Oct 29 03:52:57 UTC 2025","","","",""
"","0","extracts language from URL pathname","i18n/server","Wed Oct 29 03:52:54 UTC 2025","passed","Wed Oct 29 03:52:54 UTC 2025","","getLangFromUrl","",""
"","1","should handle StudioCMS flavor with different callout themes","studiocmsMD","Wed Oct 29 03:52:19 UTC 2025","passed","Wed Oct 29 03:52:19 UTC 2025","","plugin creation","",""
"","4","should apply runtimeLogger and log span","pipeLogger","Wed Oct 29 03:52:48 UTC 2025","passed","Wed Oct 29 03:52:48 UTC 2025","","","",""
"","0","includes the provided title in the heading and body","userInvite template","Wed Oct 29 03:53:07 UTC 2025","passed","Wed Oct 29 03:53:07 UTC 2025","","","",""
"","0","should have correct minimum version requirement","@studiocms/github","Wed Oct 29 03:52:37 UTC 2025","passed","Wed Oct 29 03:52:37 UTC 2025","","plugin structure","",""
"","0","decodeHTMLAttribute with input: Tom &amp; Jerry","@withstudiocms/component-registry Package Tests","Wed Oct 29 03:52:28 UTC 2025","passed","Wed Oct 29 03:52:28 UTC 2025","decodeHTMLAttribute Tests","Component Proxy Tests","",""
"parses GitHub usernames in changelog markdown to links","7","loadChangelog - parses GitHub usernames to links","@withstudiocms/internal_helpers Package Tests","Wed Oct 29 03:52:17 UTC 2025","passed","Wed Oct 29 03:52:17 UTC 2025","loadChangelog - parses GitHub usernames to links","Utility Functions","",""
"","0","skips groups with less than 4 samples","processWebVitalsRouteSummary","Wed Oct 29 03:52:46 UTC 2025","passed","Wed Oct 29 03:52:46 UTC 2025","","","",""
"","0","should configure GitHub as OAuth provider","@studiocms/github","Wed Oct 29 03:52:37 UTC 2025","passed","Wed Oct 29 03:52:37 UTC 2025","","OAuth provider configuration","",""
"","0","Utility - round-trip conversion of ""hello_world_test"" toHyphens","@withstudiocms/component-registry Package Tests","Wed Oct 29 03:52:24 UTC 2025","passed","Wed Oct 29 03:52:24 UTC 2025","Round-Trip Conversion Tests","Utility Tests","",""
"","0","should return null if cookie does not exist","getCookie","Wed Oct 29 03:52:59 UTC 2025","passed","Wed Oct 29 03:52:59 UTC 2025","","","",""
"","0","returns hero if provided and non-empty, ignoring site fallback","heroHelper tests","Wed Oct 29 03:52:50 UTC 2025","passed","Wed Oct 29 03:52:50 UTC 2025","getHeroImage","trimInput","",""
"","0","works with a URL object for the link","userInvite template","Wed Oct 29 03:53:07 UTC 2025","passed","Wed Oct 29 03:53:07 UTC 2025","","","",""
"","1","throws for invalid sitemap url","validateUrl","Wed Oct 29 03:52:28 UTC 2025","passed","Wed Oct 29 03:52:28 UTC 2025","","","",""
"","0","should return a valid StudioCMSPlugin object","@studiocms/google","Wed Oct 29 03:52:37 UTC 2025","passed","Wed Oct 29 03:52:37 UTC 2025","","plugin creation","",""
"","0","ensureHtmlExtension adds .html if missing","@withstudiocms/internal_helpers Package Tests","Wed Oct 29 03:52:25 UTC 2025","passed","Wed Oct 29 03:52:25 UTC 2025","ensureHtmlExtension adds .html if missing","Path Generators Tests","",""
"","0","stripHtmlExtension removes .html extension","@withstudiocms/internal_helpers Package Tests","Wed Oct 29 03:52:25 UTC 2025","passed","Wed Oct 29 03:52:25 UTC 2025","stripHtmlExtension removes .html extension","Path Generators Tests","",""
"","50","Encryption Module - decrypt throws DecryptionError on invalid data","@withstudiocms/auth-kit Package Tests","Wed Oct 29 03:52:46 UTC 2025","passed","Wed Oct 29 03:52:46 UTC 2025","decrypt Error Handling Tests","Encryption Module Tests","",""
"","1","should configure Auth0 OAuth provider in studiocms config hook","@studiocms/auth0","Wed Oct 29 03:52:36 UTC 2025","passed","Wed Oct 29 03:52:36 UTC 2025","","hooks","",""
"","1","throws SyntaxError for invalid JSON","Utils","Wed Oct 29 03:52:44 UTC 2025","passed","Wed Oct 29 03:52:44 UTC 2025","","parse","",""
"","0","handles null dates as epoch","sortByDate","Wed Oct 29 03:53:05 UTC 2025","passed","Wed Oct 29 03:53:05 UTC 2025","","","",""
"","1","should add CloudinaryENVIntegration","Cloudinary Image Service Plugin","Wed Oct 29 03:52:21 UTC 2025","passed","Wed Oct 29 03:52:21 UTC 2025","studiocms:astro:config hook","plugin hooks","",""
"","0","Middleware - sortByPriority","@withstudiocms/effect Package Tests","Wed Oct 29 03:52:35 UTC 2025","passed","Wed Oct 29 03:52:35 UTC 2025","sortByPriority Tests","Middleware Utility Tests","",""
"","0","Libravatar Utils - sanitizedTarget","@withstudiocms/auth-kit Package Tests","Wed Oct 29 03:52:25 UTC 2025","passed","Wed Oct 29 03:52:25 UTC 2025","sanitizedTarget Tests","Libravatar Utility Tests","",""
"","1","should generate Cloudinary URL for external HTTP image","cloudinaryImageService","Wed Oct 29 03:52:28 UTC 2025","passed","Wed Oct 29 03:52:28 UTC 2025","","successful image generation","",""
"","0","should handle empty route string","makePublicRoute","Wed Oct 29 03:53:09 UTC 2025","passed","Wed Oct 29 03:53:09 UTC 2025","","","",""
"","0","TemplateEngine - Should handle empty templates","@withstudiocms/template-lang Package Tests","Wed Oct 29 03:52:16 UTC 2025","passed","Wed Oct 29 03:52:16 UTC 2025","TemplateEngine - Should handle empty templates","TemplateEngine Tests","",""
"","4","Buildkit CLI - build command with --force-cjs","@withstudiocms/buildkit Package Tests","Wed Oct 29 03:52:37 UTC 2025","passed","Wed Oct 29 03:52:37 UTC 2025","Buildkit CLI - build command with --force-cjs","CLI Tests","",""
"","1","defaults lifetime to defaultCacheLifeTime","CacheConfigSchema","Wed Oct 29 03:52:44 UTC 2025","passed","Wed Oct 29 03:52:44 UTC 2025","","","",""
"","3","Password Utility - buildSecurePassword returns correct format","@withstudiocms/auth-kit Package Tests","Wed Oct 29 03:52:41 UTC 2025","passed","Wed Oct 29 03:52:41 UTC 2025","buildSecurePassword Tests","Password Utility Tests","",""
"","337","render component","Virtual Components Container tests","Wed Oct 29 03:53:05 UTC 2025","passed","Wed Oct 29 03:53:05 UTC 2025","","CustomImage component","",""
"","0","replaceCodePoint with input: 65","@withstudiocms/component-registry Package Tests","Wed Oct 29 03:52:57 UTC 2025","passed","Wed Oct 29 03:52:57 UTC 2025","replaceCodePoint Tests","Component Proxy Tests","",""
"","0","returns key as string if missing in all languages","i18n/server","Wed Oct 29 03:52:54 UTC 2025","passed","Wed Oct 29 03:52:54 UTC 2025","","useTranslations","",""
"","1","should remove leading slash from path","pathGenerator utilities","Wed Oct 29 03:52:50 UTC 2025","passed","Wed Oct 29 03:52:50 UTC 2025","","stripLeadingSlash","",""
"","0","should validate array of numbers","WordPress API Schema","Wed Oct 29 03:52:23 UTC 2025","passed","Wed Oct 29 03:52:23 UTC 2025","","NumberArray","",""
"","35","TryCatch - Functionality Tests","@withstudiocms/config-utils Package Tests","Wed Oct 29 03:53:01 UTC 2025","passed","Wed Oct 29 03:53:01 UTC 2025","Functionality Test Set","TryCatch Tests","",""
"","4","Editor with whitespace-only content","MDX Editor component","Wed Oct 29 03:52:45 UTC 2025","passed","Wed Oct 29 03:52:45 UTC 2025","","Edge cases","",""
"","0","returns red for >0.5","webVitalsUtils","Wed Oct 29 03:52:23 UTC 2025","passed","Wed Oct 29 03:52:23 UTC 2025","","clsTextColor","",""
"","2","StudioCMSDefaultRobotsConfig should generate correct config","consts.ts","Wed Oct 29 03:52:35 UTC 2025","passed","Wed Oct 29 03:52:35 UTC 2025","","","",""
"","0","ensureTrailingSlash adds slash if missing","@withstudiocms/internal_helpers Package Tests","Wed Oct 29 03:52:24 UTC 2025","passed","Wed Oct 29 03:52:24 UTC 2025","ensureTrailingSlash adds slash if missing","Path Generators Tests","",""
"","0","Utility - dedent correctly dedents input","@withstudiocms/component-registry Package Tests","Wed Oct 29 03:52:24 UTC 2025","passed","Wed Oct 29 03:52:24 UTC 2025","dedent Tests","Utility Tests","",""
"","0","decodeHTMLAttribute with input: foo &amp bar","@withstudiocms/component-registry Package Tests","Wed Oct 29 03:52:28 UTC 2025","passed","Wed Oct 29 03:52:28 UTC 2025","decodeHTMLAttribute Tests","Component Proxy Tests","",""
"","2","should reject invalid status values","WordPress API Schema","Wed Oct 29 03:52:23 UTC 2025","passed","Wed Oct 29 03:52:23 UTC 2025","","StatusSchema","",""
"","1","should define required environment variables","@studiocms/google","Wed Oct 29 03:52:37 UTC 2025","passed","Wed Oct 29 03:52:37 UTC 2025","","hooks","",""
"throws on unexpected node type","1","loadChangelog - throws on unexpected node type","@withstudiocms/internal_helpers Package Tests","Wed Oct 29 03:52:17 UTC 2025","passed","Wed Oct 29 03:52:17 UTC 2025","loadChangelog - throws on unexpected node type","Utility Functions","",""
"","3","renders markdown using StudioCMS processor by default","preRender","Wed Oct 29 03:52:55 UTC 2025","passed","Wed Oct 29 03:52:55 UTC 2025","","","",""
"","2","handles complex JSON structures","Utils","Wed Oct 29 03:52:44 UTC 2025","passed","Wed Oct 29 03:52:44 UTC 2025","","parse","",""
"","1","should reject invalid colorway values","StudioCMSColorway","Wed Oct 29 03:52:36 UTC 2025","passed","Wed Oct 29 03:52:36 UTC 2025","","","",""
"","4","accepts valid sanitize options","StudioCMSSanitizeOptionsSchema","Wed Oct 29 03:52:52 UTC 2025","passed","Wed Oct 29 03:52:52 UTC 2025","","","",""
"","0","should have correct plugin name","@studiocms/github","Wed Oct 29 03:52:37 UTC 2025","passed","Wed Oct 29 03:52:37 UTC 2025","","plugin structure","",""
"","0","Middleware - sortByPriority","@withstudiocms/effect Package Tests","Wed Oct 29 03:52:35 UTC 2025","passed","Wed Oct 29 03:52:35 UTC 2025","sortByPriority Tests","Middleware Utility Tests","",""
"","0","decode - input: foo &amp; bar","@withstudiocms/component-registry Package Tests","Wed Oct 29 03:53:04 UTC 2025","passed","Wed Oct 29 03:53:04 UTC 2025","decode Tests","Component Proxy Tests","",""
"","24","Libravatar Utils - getAvatarUrl returns valid URL for openid ""https://openid.example.com/user""","@withstudiocms/auth-kit Package Tests","Wed Oct 29 03:52:25 UTC 2025","passed","Wed Oct 29 03:52:25 UTC 2025","getAvatarUrl Tests","Libravatar Utility Tests","",""
"","4","Editor with special characters","Editor component","Wed Oct 29 03:52:32 UTC 2025","passed","Wed Oct 29 03:52:32 UTC 2025","","","",""
"","33","Scrypt - Integration Test: Complete Application Flow","@withstudiocms/effect Package Tests","Wed Oct 29 03:52:17 UTC 2025","passed","Wed Oct 29 03:52:18 UTC 2025","Integration Tests","Scrypt Service Tests","",""
"","0","should fail if demoMode object is missing password","developerConfigSchema","Wed Oct 29 03:53:06 UTC 2025","passed","Wed Oct 29 03:53:06 UTC 2025","","","",""
"","10","should handle runtime errors in MDX evaluation","renderMDX","Wed Oct 29 03:52:16 UTC 2025","passed","Wed Oct 29 03:52:16 UTC 2025","","Edge cases","",""
"","0","returns NaN if no INP values","webVitalsUtils","Wed Oct 29 03:52:23 UTC 2025","passed","Wed Oct 29 03:52:23 UTC 2025","","inpDataAverage","",""
"","3","Session Utility - defaultSessionConfig","@withstudiocms/auth-kit Package Tests","Wed Oct 29 03:52:51 UTC 2025","passed","Wed Oct 29 03:52:51 UTC 2025","defaultSessionConfig Tests","Session Utility Tests","",""
"","0","returns path without lang prefix for English when showDefaultLang is false","i18n/server","Wed Oct 29 03:52:54 UTC 2025","passed","Wed Oct 29 03:52:54 UTC 2025","","useTranslatedPath","",""
"","1","should include all required Discord environment variables","@studiocms/discord","Wed Oct 29 03:52:36 UTC 2025","passed","Wed Oct 29 03:52:36 UTC 2025","","OAuth provider configuration","",""
"","0","returns default sitemap for config.sitemap === true","generateSitemapContent","Wed Oct 29 03:52:28 UTC 2025","passed","Wed Oct 29 03:52:28 UTC 2025","","","",""
"","2","Drizzle - makeQuery - Should use TransactionContext if available","@withstudiocms/effect Package Tests","Wed Oct 29 03:52:28 UTC 2025","passed","Wed Oct 29 03:52:28 UTC 2025","DrizzleDBClientService.makeQuery with TransactionContext Tests","Drizzle Service Tests","",""
"","0","handles single character strings","Utils","Wed Oct 29 03:52:44 UTC 2025","passed","Wed Oct 29 03:52:44 UTC 2025","","firstUpperCase","",""
"","1","Scrypt - ScryptConfigOptions should accept Buffer as encryptionKey","@withstudiocms/effect Package Tests","Wed Oct 29 03:52:17 UTC 2025","passed","Wed Oct 29 03:52:17 UTC 2025","ScryptConfigOptions Tests","Scrypt Service Tests","",""
"","1","ensureLeadingSlash adds slash if missing","@withstudiocms/internal_helpers Package Tests","Wed Oct 29 03:52:24 UTC 2025","passed","Wed Oct 29 03:52:24 UTC 2025","ensureLeadingSlash adds slash if missing","Path Generators Tests","",""
"","1","User Module - verifyUsernameInput Tests","@withstudiocms/auth-kit Package Tests","Wed Oct 29 03:52:21 UTC 2025","passed","Wed Oct 29 03:52:21 UTC 2025","verifyUsernameInput Tests","User Module Tests","",""
"parses semver categories and changes from changelog markdown","16","loadChangelog - parses semver categories and changes","@withstudiocms/internal_helpers Package Tests","Wed Oct 29 03:52:17 UTC 2025","passed","Wed Oct 29 03:52:17 UTC 2025","loadChangelog - parses semver categories and changes","Utility Functions","",""
"","4","decode-data-xml - should have the expected length","@withstudiocms/component-registry Package Tests","Wed Oct 29 03:53:03 UTC 2025","passed","Wed Oct 29 03:53:03 UTC 2025","decode-data-xml Tests","Component Proxy Tests","",""
"","1","should return an AstroIntegration object with correct name","dynamicSitemap","Wed Oct 29 03:53:08 UTC 2025","passed","Wed Oct 29 03:53:08 UTC 2025","","","",""
"","0","should create UseBlogPkgConfig with useBlogPkg false","WordPress API Configs","Wed Oct 29 03:52:23 UTC 2025","passed","Wed Oct 29 03:52:23 UTC 2025","","UseBlogPkgConfig","",""
"","0","decodes base64url strings with missing padding","base64UrlDecode","Wed Oct 29 03:52:47 UTC 2025","passed","Wed Oct 29 03:52:47 UTC 2025","","","",""
"","7","ComponentRegistry - validateProps - unregistered component","@withstudiocms/component-registry Package Tests","Wed Oct 29 03:52:19 UTC 2025","passed","Wed Oct 29 03:52:19 UTC 2025","validateProps Tests","Component Registry Tests","",""
"","0","should add items to last7DaysData if isInLast7Days is true","buildDataObject","Wed Oct 29 03:52:45 UTC 2025","passed","Wed Oct 29 03:52:45 UTC 2025","","","",""
"","0","should return false for a date older than 7 days","checkDate","Wed Oct 29 03:53:02 UTC 2025","passed","Wed Oct 29 03:53:02 UTC 2025","","","",""
"","0","plugin handles undefined options","StudioCMS WYSIWYG Plugin","Wed Oct 29 03:52:43 UTC 2025","passed","Wed Oct 29 03:52:43 UTC 2025","","","",""
"","0","ensureHtmlExtension adds .html if missing","@withstudiocms/internal_helpers Package Tests","Wed Oct 29 03:52:25 UTC 2025","passed","Wed Oct 29 03:52:25 UTC 2025","ensureHtmlExtension adds .html if missing","Path Generators Tests","",""
"","0","plugin handles empty options object","StudioCMS MarkDoc Plugin","Wed Oct 29 03:52:33 UTC 2025","passed","Wed Oct 29 03:52:33 UTC 2025","","","",""
"","3","render component","Components Container tests","Wed Oct 29 03:52:33 UTC 2025","passed","Wed Oct 29 03:52:33 UTC 2025","Favicons component","Shared components","",""
"","2","Password Utility - constantTimeEqual - should return true for inputs ""abc"" and ""abc""","@withstudiocms/auth-kit Package Tests","Wed Oct 29 03:52:41 UTC 2025","passed","Wed Oct 29 03:52:41 UTC 2025","constantTimeEqual Tests","Password Utility Tests","",""
"","0","makeLayer returns a Layer","CacheContext","Wed Oct 29 03:52:32 UTC 2025","passed","Wed Oct 29 03:52:32 UTC 2025","","","",""
"","0","dashboardAPIRoute and authAPIRoute should be functions","consts.ts","Wed Oct 29 03:52:35 UTC 2025","passed","Wed Oct 29 03:52:35 UTC 2025","","","",""
"","4","shows error toast if response is not ok","formListener","Wed Oct 29 03:53:14 UTC 2025","passed","Wed Oct 29 03:53:14 UTC 2025","","","",""
"","0","should create new object when globalThis is empty","shared module","Wed Oct 29 03:52:47 UTC 2025","passed","Wed Oct 29 03:52:47 UTC 2025","","shared object","",""
"","0","should have correct minimum StudioCMS version","studiocmsMDX","Wed Oct 29 03:52:22 UTC 2025","passed","Wed Oct 29 03:52:22 UTC 2025","","plugin configuration","",""
"","1","User Module - getUserData returns logged out session for expired session","@withstudiocms/auth-kit Package Tests","Wed Oct 29 03:52:21 UTC 2025","passed","Wed Oct 29 03:52:21 UTC 2025","getUserData Tests","User Module Tests","",""
"","0","should handle plugin with minimal configuration","studiocmsMDX","Wed Oct 29 03:52:22 UTC 2025","passed","Wed Oct 29 03:52:22 UTC 2025","","Edge cases","",""
"","1","should reject invalid logLevel","StudioCMSOptionsSchema","Wed Oct 29 03:52:57 UTC 2025","passed","Wed Oct 29 03:52:57 UTC 2025","","","",""
"","10","createComponentProxy with input: {}","@withstudiocms/component-registry Package Tests","Wed Oct 29 03:52:38 UTC 2025","passed","Wed Oct 29 03:52:38 UTC 2025","createComponentProxy Tests","Component Proxy Tests","",""
"","0","throws if allow/disallow missing","generateContent","Wed Oct 29 03:52:28 UTC 2025","passed","Wed Oct 29 03:52:28 UTC 2025","","","",""
"","0","createURLGenFactory - Non-dashboard route without path","@withstudiocms/internal_helpers Package Tests","Wed Oct 29 03:52:55 UTC 2025","passed","Wed Oct 29 03:52:55 UTC 2025","createURLGenFactory - Non-dashboard route without path","createURLGenFactory Tests","",""
"","1","getLatestVersion - Fetches latest version and returns it","@withstudiocms/internal_helpers Package Tests","Wed Oct 29 03:52:16 UTC 2025","passed","Wed Oct 29 03:52:16 UTC 2025","getLatestVersion - Fetches latest version and returns it","Astro Integration Utility Tests","",""
"","0","should default usernameAndPasswordConfig to {}","authProviderSchema","Wed Oct 29 03:52:55 UTC 2025","passed","Wed Oct 29 03:52:55 UTC 2025","","","",""
"","6","decode-data-html - htmlDecodeTree structure and content","@withstudiocms/component-registry Package Tests","Wed Oct 29 03:53:07 UTC 2025","passed","Wed Oct 29 03:53:07 UTC 2025","decode-data-html Tests","Component Proxy Tests","",""
"","1","should handle plugin options with mixed types","studiocmsMDX","Wed Oct 29 03:52:22 UTC 2025","passed","Wed Oct 29 03:52:22 UTC 2025","","Edge cases","",""
"","40","should create layer with makeLayer","WordPress API Configs","Wed Oct 29 03:52:23 UTC 2025","passed","Wed Oct 29 03:52:23 UTC 2025","","StringConfig","",""
"","1","should accept custom logLevel","StudioCMSOptionsSchema","Wed Oct 29 03:52:57 UTC 2025","passed","Wed Oct 29 03:52:57 UTC 2025","","","",""
"","3","Session Module - createSession returns a UserSession","@withstudiocms/auth-kit Package Tests","Wed Oct 29 03:52:27 UTC 2025","passed","Wed Oct 29 03:52:27 UTC 2025","createSession Tests","Session Module Tests","",""
"","1","should define required environment variables","@studiocms/github","Wed Oct 29 03:52:37 UTC 2025","passed","Wed Oct 29 03:52:37 UTC 2025","","hooks","",""
"","1","debug does not log when verbose is false","@withstudiocms/internal_helpers Package Tests","Wed Oct 29 03:52:16 UTC 2025","passed","Wed Oct 29 03:52:16 UTC 2025","integrationLogger - debug method","Astro Integration Utility Tests","",""
"","0","Utility - getIndent returns """" for input """"","@withstudiocms/component-registry Package Tests","Wed Oct 29 03:52:24 UTC 2025","passed","Wed Oct 29 03:52:24 UTC 2025","getIndent Tests","Utility Tests","",""
"","59","Password Utility - breakSecurePassword throws error for input ""badformat""","@withstudiocms/auth-kit Package Tests","Wed Oct 29 03:52:41 UTC 2025","passed","Wed Oct 29 03:52:41 UTC 2025","breakSecurePassword Error Handling Tests","Password Utility Tests","",""
"","0","returns true for a date within the last 30 days","withinLast30Days","Wed Oct 29 03:53:05 UTC 2025","passed","Wed Oct 29 03:53:05 UTC 2025","","","",""
"","3","should return the config object unchanged","defineStudioCMSConfig","Wed Oct 29 03:53:09 UTC 2025","passed","Wed Oct 29 03:53:09 UTC 2025","","","",""
"","9","converts first character to uppercase","Utils","Wed Oct 29 03:52:44 UTC 2025","passed","Wed Oct 29 03:52:44 UTC 2025","","firstUpperCase","",""
"","1","should throw if value or density is negative","MetricSummaryRowSchema","Wed Oct 29 03:52:51 UTC 2025","passed","Wed Oct 29 03:52:51 UTC 2025","","","",""
"","0","returns yellow for <=0.25","webVitalsUtils","Wed Oct 29 03:52:23 UTC 2025","passed","Wed Oct 29 03:52:23 UTC 2025","","progressBarClsTrackColor","",""
"","0","should have correct minimum version requirement","@studiocms/auth0","Wed Oct 29 03:52:36 UTC 2025","passed","Wed Oct 29 03:52:36 UTC 2025","","plugin structure","",""
"returns correct export statement for valid input","0","pageContentComponentFilter - returns correct export statement for valid input","@withstudiocms/internal_helpers Package Tests","Wed Oct 29 03:52:17 UTC 2025","passed","Wed Oct 29 03:52:17 UTC 2025","pageContentComponentFilter - returns correct export statement for valid input","Utility Functions","",""
"","0","should validate rendered protected data structure","WordPress API Schema","Wed Oct 29 03:52:23 UTC 2025","passed","Wed Oct 29 03:52:23 UTC 2025","","RenderedProtectData","",""
"","2","should handle complex JSX with nested components","renderMDX","Wed Oct 29 03:52:16 UTC 2025","passed","Wed Oct 29 03:52:16 UTC 2025","","Edge cases","",""
"","0","should create DownloadPostImageConfig","WordPress API Configs","Wed Oct 29 03:52:23 UTC 2025","passed","Wed Oct 29 03:52:23 UTC 2025","","DownloadPostImageConfig","",""
"","0","should export editor CSRF cookie name","consts.ts","Wed Oct 29 03:52:35 UTC 2025","passed","Wed Oct 29 03:52:35 UTC 2025","","","",""
"","1","HeadConfigSchema - sortHead puts important tags first","@withstudiocms/internal_helpers Package Tests","Wed Oct 29 03:52:21 UTC 2025","passed","Wed Oct 29 03:52:21 UTC 2025","HeadConfigSchema - sortHead puts important tags first","HeadConfigSchema Tests","",""
"","2","should export the object as default","buildDefaultOnlyVirtual","Wed Oct 29 03:52:51 UTC 2025","passed","Wed Oct 29 03:52:51 UTC 2025","","","",""
"","1","should validate array of metadata","WordPress API Schema","Wed Oct 29 03:52:23 UTC 2025","passed","Wed Oct 29 03:52:23 UTC 2025","","MetaDataSchema","",""
"","0","decodeCodePoint with input: 65 (Deprecated)","@withstudiocms/component-registry Package Tests","Wed Oct 29 03:52:57 UTC 2025","passed","Wed Oct 29 03:52:57 UTC 2025","decodeCodePoint Tests (Deprecated)","Component Proxy Tests","",""
"","0","should not have other hooks","@studiocms/google","Wed Oct 29 03:52:37 UTC 2025","passed","Wed Oct 29 03:52:37 UTC 2025","","hook implementation","",""
"","2","should have the correct hooks defined","studiocms/blog","Wed Oct 29 03:52:57 UTC 2025","passed","Wed Oct 29 03:52:57 UTC 2025","","hooks","",""
"","0","handles allowComponents if supported","WYSIWYG Types and Schema","Wed Oct 29 03:52:36 UTC 2025","passed","Wed Oct 29 03:52:36 UTC 2025","","Schema edge cases","",""
"","0","should add items to last30DaysData if isInLast30Days is true","buildDataObject","Wed Oct 29 03:52:45 UTC 2025","passed","Wed Oct 29 03:52:45 UTC 2025","","","",""
"","0","AstroConfigViteSettings should set chunkSizeWarningLimit","consts.ts","Wed Oct 29 03:52:35 UTC 2025","passed","Wed Oct 29 03:52:35 UTC 2025","","","",""
"","5","Scrypt - Service Tests - Should work with key length: 32","@withstudiocms/effect Package Tests","Wed Oct 29 03:52:18 UTC 2025","passed","Wed Oct 29 03:52:18 UTC 2025","ScryptService Tests","Scrypt Service Tests","",""
"","0","decodeHTMLStrict with input: foo &amp bar","@withstudiocms/component-registry Package Tests","Wed Oct 29 03:52:28 UTC 2025","passed","Wed Oct 29 03:52:28 UTC 2025","decodeHTMLStrict Tests","Component Proxy Tests","",""
"","0","should export CDN URL and favicon assets","consts.ts","Wed Oct 29 03:52:35 UTC 2025","passed","Wed Oct 29 03:52:35 UTC 2025","","","",""
"","0","should allow valid GridItemUsable","GridItemUsable","Wed Oct 29 03:52:36 UTC 2025","passed","Wed Oct 29 03:52:36 UTC 2025","","","",""
"","4","Buildkit CLI - help command","@withstudiocms/buildkit Package Tests","Wed Oct 29 03:52:43 UTC 2025","passed","Wed Oct 29 03:52:43 UTC 2025","Buildkit CLI - help command","CLI Tests","",""
"","0","returns ~0 for an empty callback","measureExecutionTime","Wed Oct 29 03:53:03 UTC 2025","passed","Wed Oct 29 03:53:03 UTC 2025","","","",""
"","0","should return false for a date older than 24 hours","checkDate","Wed Oct 29 03:53:02 UTC 2025","passed","Wed Oct 29 03:53:02 UTC 2025","","","",""
"","0","should accept usernameAndPassword as false","authProviderSchema","Wed Oct 29 03:52:55 UTC 2025","passed","Wed Oct 29 03:52:55 UTC 2025","","","",""
"","0","should be a string","FALLBACK_OG_IMAGE","Wed Oct 29 03:53:13 UTC 2025","passed","Wed Oct 29 03:53:13 UTC 2025","","","",""
"","1","merges plugin values without overwriting general/security","setLocals","Wed Oct 29 03:52:42 UTC 2025","passed","Wed Oct 29 03:52:42 UTC 2025","","","",""
"","3","CheckIfUnsafe.username - should return true for username ""admin""","@withstudiocms/auth-kit Package Tests","Wed Oct 29 03:53:05 UTC 2025","passed","Wed Oct 29 03:53:05 UTC 2025","CheckIfUnsafe.username Tests","CheckIfUnsafe Tests","",""
"","0","getDeleteRoute returns correct delete route","routeMap","Wed Oct 29 03:52:35 UTC 2025","passed","Wed Oct 29 03:52:35 UTC 2025","","","",""
"","0","stripTrailingSlash removes trailing slash","@withstudiocms/internal_helpers Package Tests","Wed Oct 29 03:52:25 UTC 2025","passed","Wed Oct 29 03:52:25 UTC 2025","stripTrailingSlash removes trailing slash","Path Generators Tests","",""
"","0","throws error for invalid sanitize options","WYSIWYG Types and Schema","Wed Oct 29 03:52:36 UTC 2025","passed","Wed Oct 29 03:52:36 UTC 2025","","WYSIWYGSchema","",""
"","0","rejects missing required fields","SafePluginListItemSchema","Wed Oct 29 03:52:52 UTC 2025","passed","Wed Oct 29 03:52:52 UTC 2025","","","",""
"","34","render component","Layout Container tests","Wed Oct 29 03:53:10 UTC 2025","passed","Wed Oct 29 03:53:10 UTC 2025","","FirstTimeSetupLayout Container","",""
"","3","returns FolderTreeCacheObject with correct data and timestamp","folderTreeReturn","Wed Oct 29 03:52:32 UTC 2025","passed","Wed Oct 29 03:52:32 UTC 2025","","","",""
"","0","handles missing Astro.locals safely","heroHelper tests","Wed Oct 29 03:52:50 UTC 2025","passed","Wed Oct 29 03:52:50 UTC 2025","getHeroImage","trimInput","",""
"","18","Context Utils - parseAPIContextJson","@withstudiocms/effect Package Tests","Wed Oct 29 03:52:26 UTC 2025","passed","Wed Oct 29 03:52:26 UTC 2025","parseAPIContextJson Tests","Context Utils Tests","",""
"","2","should define baseServerTranslations with English translations","i18n/config","Wed Oct 29 03:53:06 UTC 2025","passed","Wed Oct 29 03:53:06 UTC 2025","","","",""
"","1","should validate post format values","WordPress API Schema","Wed Oct 29 03:52:23 UTC 2025","passed","Wed Oct 29 03:52:23 UTC 2025","","PostFormatSchema","",""
"","1","should export current REST API versions","consts.ts","Wed Oct 29 03:52:35 UTC 2025","passed","Wed Oct 29 03:52:35 UTC 2025","","","",""
"","2","plugin sets up astro config integration","StudioCMS MarkDoc Plugin","Wed Oct 29 03:52:33 UTC 2025","passed","Wed Oct 29 03:52:33 UTC 2025","","","",""
"","0","makePasswordModConfig with CMS_ENCRYPTION_KEY=""AAAAAAAAAAAAAAAAAAAAAAAAAAAAAAAAAAAAAAAAAAA="" throws error","@withstudiocms/auth-kit Package Tests","Wed Oct 29 03:52:26 UTC 2025","passed","Wed Oct 29 03:52:26 UTC 2025","makePasswordModConfig Tests","Config Tests","",""
"","0","User Utility - getLevel","@withstudiocms/auth-kit Package Tests","Wed Oct 29 03:52:40 UTC 2025","passed","Wed Oct 29 03:52:40 UTC 2025","getLevel Tests","User Utility Tests","",""
"","0","should validate empty number array","WordPress API Schema","Wed Oct 29 03:52:23 UTC 2025","passed","Wed Oct 29 03:52:23 UTC 2025","","NumberArray","",""
"","0","Utility - dedent correctly dedents input","@withstudiocms/component-registry Package Tests","Wed Oct 29 03:52:24 UTC 2025","passed","Wed Oct 29 03:52:24 UTC 2025","dedent Tests","Utility Tests","",""
"","0","should return false for a future date in all checks","checkDate","Wed Oct 29 03:53:02 UTC 2025","passed","Wed Oct 29 03:53:02 UTC 2025","","","",""
"","0","should reject data without rendered field","WordPress API Schema","Wed Oct 29 03:52:23 UTC 2025","passed","Wed Oct 29 03:52:23 UTC 2025","","RenderedData","",""
"","6","should return an HTML string containing the provided link (string)","passwordReset template","Wed Oct 29 03:53:05 UTC 2025","passed","Wed Oct 29 03:53:05 UTC 2025","","","",""
"","0","sorts ascending by default","sortByDate","Wed Oct 29 03:53:05 UTC 2025","passed","Wed Oct 29 03:53:05 UTC 2025","","","",""
"","0","isCacheEnabled returns boolean","cacheConfig and isCacheEnabled","Wed Oct 29 03:52:32 UTC 2025","passed","Wed Oct 29 03:52:32 UTC 2025","","","",""
"","0","returns trimmed hero if provided","heroHelper tests","Wed Oct 29 03:52:50 UTC 2025","passed","Wed Oct 29 03:52:50 UTC 2025","getHeroImage","trimInput","",""
"","0","should export default function","@studiocms/github","Wed Oct 29 03:52:37 UTC 2025","passed","Wed Oct 29 03:52:37 UTC 2025","","plugin creation","",""
"","1","User Module - isUserAllowed Tests","@withstudiocms/auth-kit Package Tests","Wed Oct 29 03:52:21 UTC 2025","passed","Wed Oct 29 03:52:21 UTC 2025","isUserAllowed Tests","User Module Tests","",""
"","1","should contain the expected image names","validImages","Wed Oct 29 03:53:06 UTC 2025","passed","Wed Oct 29 03:53:06 UTC 2025","","","",""
"","1","TransformHTML Test Case","@withstudiocms/component-registry Package Tests","Wed Oct 29 03:52:34 UTC 2025","passed","Wed Oct 29 03:52:34 UTC 2025","transformHTML Tests","TransformHTML Tests","",""
"","0","Utility - convertHyphensToUnderscores converts ""hello--world"" to ""hello__world""","@withstudiocms/component-registry Package Tests","Wed Oct 29 03:52:24 UTC 2025","passed","Wed Oct 29 03:52:24 UTC 2025","convertHyphensToUnderscores Tests","Utility Tests","",""
"","2","renders editor with empty content","WYSIWYG Editor Component","Wed Oct 29 03:52:59 UTC 2025","passed","Wed Oct 29 03:52:59 UTC 2025","","","",""
"","0","decodeHTML with input: foo &invalid bar","@withstudiocms/component-registry Package Tests","Wed Oct 29 03:52:28 UTC 2025","passed","Wed Oct 29 03:52:28 UTC 2025","decodeHTML Tests","Component Proxy Tests","",""
"","0","should inject verbose flag into logger stub","buildLoggerVirtual","Wed Oct 29 03:52:51 UTC 2025","passed","Wed Oct 29 03:52:51 UTC 2025","","","",""
"","0","User Utility - parseRequiredPerms","@withstudiocms/auth-kit Package Tests","Wed Oct 29 03:52:40 UTC 2025","passed","Wed Oct 29 03:52:40 UTC 2025","parseRequiredPerms Tests","User Utility Tests","",""
"","0","User Module - doesUserExistByEmail Tests","@withstudiocms/auth-kit Package Tests","Wed Oct 29 03:52:21 UTC 2025","passed","Wed Oct 29 03:52:21 UTC 2025","doesUserExistByEmail Tests","User Module Tests","",""
"","0","should accept full config","authConfigSchema","Wed Oct 29 03:52:55 UTC 2025","passed","Wed Oct 29 03:52:55 UTC 2025","","","",""
"","0","should reject null input","HTMLSchema","Wed Oct 29 03:52:58 UTC 2025","passed","Wed Oct 29 03:52:58 UTC 2025","","validation","",""
"","1","should accept demoMode as an object with username and password","developerConfigSchema","Wed Oct 29 03:53:06 UTC 2025","passed","Wed Oct 29 03:53:06 UTC 2025","","","",""
"","1","User Module - doesUserExistByEmail Tests","@withstudiocms/auth-kit Package Tests","Wed Oct 29 03:52:21 UTC 2025","passed","Wed Oct 29 03:52:21 UTC 2025","doesUserExistByEmail Tests","User Module Tests","",""
"","1","should log debug messages","S48Logger","Wed Oct 29 03:52:48 UTC 2025","passed","Wed Oct 29 03:52:48 UTC 2025","","","",""
"","4","should return original src when CMS_CLOUDINARY_CLOUDNAME is not set","cloudinaryImageService","Wed Oct 29 03:52:28 UTC 2025","passed","Wed Oct 29 03:52:28 UTC 2025","","error handling","",""
"","0","returns Host line for valid host string","generateHostContent","Wed Oct 29 03:52:28 UTC 2025","passed","Wed Oct 29 03:52:28 UTC 2025","","","",""
"","4","render component without avatar","Components Container tests","Wed Oct 29 03:52:33 UTC 2025","passed","Wed Oct 29 03:52:33 UTC 2025","SSRUser component","Shared components","",""
"","0","should handle plugin creation with undefined nested properties","studiocmsMDX","Wed Oct 29 03:52:22 UTC 2025","passed","Wed Oct 29 03:52:22 UTC 2025","","Edge cases","",""
"","10","Scrypt - Service Tests - Should work with scrypt parameters N:2048, r:8, p:1","@withstudiocms/effect Package Tests","Wed Oct 29 03:52:18 UTC 2025","passed","Wed Oct 29 03:52:18 UTC 2025","ScryptService Tests","Scrypt Service Tests","",""
"","7","should log info messages","S48Logger","Wed Oct 29 03:52:48 UTC 2025","passed","Wed Oct 29 03:52:48 UTC 2025","","","",""
"","3","decode - input: foo &amp; bar","@withstudiocms/component-registry Package Tests","Wed Oct 29 03:53:04 UTC 2025","passed","Wed Oct 29 03:53:04 UTC 2025","decode Tests","Component Proxy Tests","",""
"","2","Zod Utils - parseAndMerge Tests","@withstudiocms/config-utils Package Tests","Wed Oct 29 03:52:39 UTC 2025","passed","Wed Oct 29 03:52:39 UTC 2025","parseAndMerge Test Set","Zod Utility Tests","",""
"","0","AstroConfigImageSettings should allow http and https","consts.ts","Wed Oct 29 03:52:35 UTC 2025","passed","Wed Oct 29 03:52:35 UTC 2025","","","",""
"","0","should handle empty string","pathGenerator utilities","Wed Oct 29 03:52:50 UTC 2025","passed","Wed Oct 29 03:52:50 UTC 2025","","ensureLeadingSlash","",""
"","0","plugin handles empty options object","StudioCMS WYSIWYG Plugin","Wed Oct 29 03:52:43 UTC 2025","passed","Wed Oct 29 03:52:43 UTC 2025","","","",""
"","0","should return an HTML string containing the provided link (URL object)","passwordReset template","Wed Oct 29 03:53:05 UTC 2025","passed","Wed Oct 29 03:53:05 UTC 2025","","","",""
"","0","validates minimal sanitize options","WYSIWYG Types and Schema","Wed Oct 29 03:52:36 UTC 2025","passed","Wed Oct 29 03:52:36 UTC 2025","","WYSIWYGSchema","",""
"","0","ensureLeadingAndTrailingSlashes adds both slashes","@withstudiocms/internal_helpers Package Tests","Wed Oct 29 03:52:25 UTC 2025","passed","Wed Oct 29 03:52:25 UTC 2025","ensureLeadingAndTrailingSlashes adds both slashes","Path Generators Tests","",""
"","4","should accept undefined options","HTMLSchema","Wed Oct 29 03:52:58 UTC 2025","passed","Wed Oct 29 03:52:58 UTC 2025","","validation","",""
"","0","should accept empty object","HTMLSchema","Wed Oct 29 03:52:58 UTC 2025","passed","Wed Oct 29 03:52:58 UTC 2025","","validation","",""
"","0","should have studiocms:astro:config hook","studiocmsHTML","Wed Oct 29 03:52:35 UTC 2025","passed","Wed Oct 29 03:52:35 UTC 2025","","plugin hooks","",""
"","1","does not throw for valid sitemap url","validateUrl","Wed Oct 29 03:52:28 UTC 2025","passed","Wed Oct 29 03:52:28 UTC 2025","","","",""
"","1","should store resolved options in shared context on astro:config:done","studiocmsMD","Wed Oct 29 03:52:19 UTC 2025","passed","Wed Oct 29 03:52:19 UTC 2025","","plugin hooks","",""
"","0","handles object with cacheConfig object","SDKSchema","Wed Oct 29 03:52:44 UTC 2025","passed","Wed Oct 29 03:52:44 UTC 2025","","","",""
"","0","HeadConfigSchema - Applies defaults","@withstudiocms/internal_helpers Package Tests","Wed Oct 29 03:52:21 UTC 2025","passed","Wed Oct 29 03:52:21 UTC 2025","HeadConfigSchema - Applies defaults","HeadConfigSchema Tests","",""
"","1","TransformHTML Test Case","@withstudiocms/component-registry Package Tests","Wed Oct 29 03:52:34 UTC 2025","passed","Wed Oct 29 03:52:34 UTC 2025","transformHTML Tests","TransformHTML Tests","",""
"","0","Middleware - handlerFilter","@withstudiocms/effect Package Tests","Wed Oct 29 03:52:35 UTC 2025","passed","Wed Oct 29 03:52:35 UTC 2025","handlerFilter Tests","Middleware Utility Tests","",""
"","0","Libravatar Utils - sanitizedTarget","@withstudiocms/auth-kit Package Tests","Wed Oct 29 03:52:25 UTC 2025","passed","Wed Oct 29 03:52:25 UTC 2025","sanitizedTarget Tests","Libravatar Utility Tests","",""
"","3","should return empty arrays when input is empty","buildDataObject","Wed Oct 29 03:52:45 UTC 2025","passed","Wed Oct 29 03:52:45 UTC 2025","","","",""
"","0","decodeHTML with input: Smile: &#128512;","@withstudiocms/component-registry Package Tests","Wed Oct 29 03:52:28 UTC 2025","passed","Wed Oct 29 03:52:28 UTC 2025","decodeHTML Tests","Component Proxy Tests","",""
"","0","should have correct plugin identifier","@studiocms/auth0","Wed Oct 29 03:52:36 UTC 2025","passed","Wed Oct 29 03:52:36 UTC 2025","","plugin structure","",""
"","4","SMTPService - Transport Status Methods (isIdle)","@withstudiocms/effect Package Tests","Wed Oct 29 03:52:25 UTC 2025","passed","Wed Oct 29 03:52:25 UTC 2025","Transport Status Method Tests","SMTP Service Tests","",""
"","0","replaceCodePoint with input: 1114112","@withstudiocms/component-registry Package Tests","Wed Oct 29 03:52:28 UTC 2025","passed","Wed Oct 29 03:52:28 UTC 2025","replaceCodePoint Tests","Component Proxy Tests","",""
"","1","TransformHTML Test Case","@withstudiocms/component-registry Package Tests","Wed Oct 29 03:52:34 UTC 2025","passed","Wed Oct 29 03:52:34 UTC 2025","transformHTML Tests","TransformHTML Tests","",""
"","1","Response Helpers - createRedirectResponse","@withstudiocms/effect Package Tests","Wed Oct 29 03:52:24 UTC 2025","passed","Wed Oct 29 03:52:24 UTC 2025","createRedirectResponse Tests","Response Helpers Tests","",""
"","2","should handle zero dimensions","cloudinaryImageService","Wed Oct 29 03:52:28 UTC 2025","passed","Wed Oct 29 03:52:28 UTC 2025","","edge cases","",""
"","0","returns yellow for >2.5s and <=4s","webVitalsUtils","Wed Oct 29 03:52:23 UTC 2025","passed","Wed Oct 29 03:52:23 UTC 2025","","lcpTextColor","",""
"","0","ensureLeadingAndTrailingSlashes adds both slashes","@withstudiocms/internal_helpers Package Tests","Wed Oct 29 03:52:25 UTC 2025","passed","Wed Oct 29 03:52:25 UTC 2025","ensureLeadingAndTrailingSlashes adds both slashes","Path Generators Tests","",""
"","0","replaceCodePoint with input: 1114112","@withstudiocms/component-registry Package Tests","Wed Oct 29 03:52:57 UTC 2025","passed","Wed Oct 29 03:52:57 UTC 2025","replaceCodePoint Tests","Component Proxy Tests","",""
"","0","Utility - getIndent returns "" "" for input "" ""","@withstudiocms/component-registry Package Tests","Wed Oct 29 03:52:24 UTC 2025","passed","Wed Oct 29 03:52:24 UTC 2025","getIndent Tests","Utility Tests","",""
"","0","plugin hooks are defined","StudioCMS MarkDoc Plugin","Wed Oct 29 03:52:33 UTC 2025","passed","Wed Oct 29 03:52:33 UTC 2025","","","",""
"","1","createURLGenFactory - Dashboard route without path","@withstudiocms/internal_helpers Package Tests","Wed Oct 29 03:52:55 UTC 2025","passed","Wed Oct 29 03:52:55 UTC 2025","createURLGenFactory - Dashboard route without path","createURLGenFactory Tests","",""
"","1","should create integration with custom options","StudioCMS DevApps Integration","Wed Oct 29 03:53:07 UTC 2025","passed","Wed Oct 29 03:53:07 UTC 2025","","studioCMSDevApps","",""
"","1","appendSearchParamsToUrl (curried) appends param correctly","@withstudiocms/effect Package Tests","Wed Oct 29 03:52:49 UTC 2025","passed","Wed Oct 29 03:52:49 UTC 2025","appendSearchParamsToUrl Tests","Effect Utility Tests","",""
"","2","getLatestVersion - Handles fetch errors gracefully","@withstudiocms/internal_helpers Package Tests","Wed Oct 29 03:52:16 UTC 2025","passed","Wed Oct 29 03:52:16 UTC 2025","getLatestVersion - Handles fetch errors gracefully","Astro Integration Utility Tests","",""
"","0","returns yellow for <=2.5s","webVitalsUtils","Wed Oct 29 03:52:23 UTC 2025","passed","Wed Oct 29 03:52:23 UTC 2025","","progressBarLcpTrackColor","",""
"","0","returns { theme: ""github"" } when opt is ""github""","preRender","Wed Oct 29 03:52:55 UTC 2025","passed","Wed Oct 29 03:52:55 UTC 2025","","parseCallouts","",""
"","2","Handler - resolver - passes correct resolve function to callback","@withstudiocms/component-registry Package Tests","Wed Oct 29 03:52:55 UTC 2025","passed","Wed Oct 29 03:52:55 UTC 2025","resolver Tests","Astro Handler Tests","",""
"","0","should return null if param does not exist","getUrlParam","Wed Oct 29 03:52:59 UTC 2025","passed","Wed Oct 29 03:52:59 UTC 2025","","","",""
"","2","should fail if demoMode object is missing username","developerConfigSchema","Wed Oct 29 03:53:06 UTC 2025","passed","Wed Oct 29 03:53:06 UTC 2025","","","",""
"","1","createRenderer is properly initialized","WYSIWYG Partial Route","Wed Oct 29 03:52:59 UTC 2025","passed","Wed Oct 29 03:52:59 UTC 2025","","","",""
"","2","should reject invalid type for libSQLViewer","schema","Wed Oct 29 03:52:46 UTC 2025","passed","Wed Oct 29 03:52:46 UTC 2025","","AppsConfigSchema","",""
"","1","should handle empty content","app-utils","Wed Oct 29 03:52:33 UTC 2025","passed","Wed Oct 29 03:52:33 UTC 2025","","createWindowElement","",""
"","0","handles /_server-islands with default (no prefix)","i18n/server","Wed Oct 29 03:52:54 UTC 2025","passed","Wed Oct 29 03:52:54 UTC 2025","","getCurrentURLPath","",""
"","1","Utility - integrationLogger does not log info/debug when verbose is false for logLevel error","@withstudiocms/component-registry Package Tests","Wed Oct 29 03:52:24 UTC 2025","passed","Wed Oct 29 03:52:24 UTC 2025","integrationLogger Tests","Utility Tests","",""
"","0","throws if crawlDelay is negative","generateContent","Wed Oct 29 03:52:28 UTC 2025","passed","Wed Oct 29 03:52:28 UTC 2025","","","",""
"","0","TemplateParser - Should parse multiple variables","@withstudiocms/template-lang Package Tests","Wed Oct 29 03:52:16 UTC 2025","passed","Wed Oct 29 03:52:16 UTC 2025","TemplateParser - Should parse multiple variables","TemplateParser Tests","",""
"","10","render component","Components Container tests","Wed Oct 29 03:52:33 UTC 2025","passed","Wed Oct 29 03:52:33 UTC 2025","Global component","Shared components","",""
"","0","should throw if sample size is not a number","RouteSummaryRowSchema","Wed Oct 29 03:52:51 UTC 2025","passed","Wed Oct 29 03:52:51 UTC 2025","","","",""
"","0","validates sanitize with allowAttributes only","WYSIWYG Types and Schema","Wed Oct 29 03:52:36 UTC 2025","passed","Wed Oct 29 03:52:36 UTC 2025","","WYSIWYGSchema","",""
"","0","ensureHtmlExtension adds .html if missing","@withstudiocms/internal_helpers Package Tests","Wed Oct 29 03:52:25 UTC 2025","passed","Wed Oct 29 03:52:25 UTC 2025","ensureHtmlExtension adds .html if missing","Path Generators Tests","",""
"","0","falls back to default language if translation missing","i18n/server","Wed Oct 29 03:52:54 UTC 2025","passed","Wed Oct 29 03:52:54 UTC 2025","","useTranslations","",""
"","2","Scrypt - ScryptError tests","@withstudiocms/effect Package Tests","Wed Oct 29 03:52:17 UTC 2025","passed","Wed Oct 29 03:52:17 UTC 2025","ScryptError Tests","Scrypt Service Tests","",""
"","0","remapFilterSitemap returns empty if no matching package","getBlogRoute","Wed Oct 29 03:52:53 UTC 2025","passed","Wed Oct 29 03:52:53 UTC 2025","","","",""
"","0","Utility - convertUnderscoresToHyphens converts ""helloworld"" to ""helloworld""","@withstudiocms/component-registry Package Tests","Wed Oct 29 03:52:24 UTC 2025","passed","Wed Oct 29 03:52:24 UTC 2025","convertUnderscoresToHyphens Tests","Utility Tests","",""
"","0","returns undefined for empty string","heroHelper tests","Wed Oct 29 03:52:50 UTC 2025","passed","Wed Oct 29 03:52:50 UTC 2025","","trimInput","",""
"","6","should transform boolean config to object format","schema","Wed Oct 29 03:52:46 UTC 2025","passed","Wed Oct 29 03:52:46 UTC 2025","","AppsConfigSchema","",""
"","0","should handle empty options gracefully","studiocmsMDX","Wed Oct 29 03:52:22 UTC 2025","passed","Wed Oct 29 03:52:22 UTC 2025","","plugin creation","",""
"","3","should handle null/undefined plugin configurations","renderMDX","Wed Oct 29 03:52:16 UTC 2025","passed","Wed Oct 29 03:52:16 UTC 2025","","Edge cases","",""
"","0","plugin creation with empty sanitize options","StudioCMS WYSIWYG Plugin","Wed Oct 29 03:52:43 UTC 2025","passed","Wed Oct 29 03:52:43 UTC 2025","","","",""
"","0","should inject options into config stub","buildVirtualConfig","Wed Oct 29 03:52:51 UTC 2025","passed","Wed Oct 29 03:52:51 UTC 2025","","","",""
"","7","should create a plugin with default options","studiocms/blog","Wed Oct 29 03:52:57 UTC 2025","passed","Wed Oct 29 03:52:57 UTC 2025","","plugin creation","",""
"","1","warn logs when verbose is false","@withstudiocms/internal_helpers Package Tests","Wed Oct 29 03:52:16 UTC 2025","passed","Wed Oct 29 03:52:16 UTC 2025","integrationLogger - warn method","Astro Integration Utility Tests","",""
"","0","parses nested objects","Utils","Wed Oct 29 03:52:44 UTC 2025","passed","Wed Oct 29 03:52:44 UTC 2025","","parse","",""
"","0","plugin handles partial options","StudioCMS MarkDoc Plugin","Wed Oct 29 03:52:33 UTC 2025","passed","Wed Oct 29 03:52:33 UTC 2025","","","",""
"","0","should set type and cause correctly","SDKCoreError","Wed Oct 29 03:53:08 UTC 2025","passed","Wed Oct 29 03:53:08 UTC 2025","","","",""
"","1","makePasswordModConfig - clamps SCRYPT_N to nearest lower power of two","@withstudiocms/auth-kit Package Tests","Wed Oct 29 03:52:26 UTC 2025","passed","Wed Oct 29 03:52:26 UTC 2025","makePasswordModConfig Tests","Config Tests","",""
"","0","TemplateRenderer - Missing variable with custom default value","@withstudiocms/template-lang Package Tests","Wed Oct 29 03:52:16 UTC 2025","passed","Wed Oct 29 03:52:16 UTC 2025","TemplateRenderer - Missing variable with custom default value","TemplateRenderer Tests","",""
"","0","should handle base with trailing slash","pathGenerator utilities","Wed Oct 29 03:52:50 UTC 2025","passed","Wed Oct 29 03:52:50 UTC 2025","","pathGenerator","",""
"","0","Zod Utils - parseAndMerge Tests","@withstudiocms/config-utils Package Tests","Wed Oct 29 03:52:39 UTC 2025","passed","Wed Oct 29 03:52:39 UTC 2025","parseAndMerge Test Set","Zod Utility Tests","",""
"","2569","Launch dev server and verify config","@withstudiocms/component-registry Package Tests","Wed Oct 29 03:52:53 UTC 2025","passed","Wed Oct 29 03:52:56 UTC 2025","Dev Server Tests","Astro Integration Tests","",""
"","1","should handle unknown properties gracefully","studiocmsMD","Wed Oct 29 03:52:19 UTC 2025","passed","Wed Oct 29 03:52:19 UTC 2025","","plugin creation","",""
"","2","throws if statSync fails","getFileSizeInKilobytes","Wed Oct 29 03:53:03 UTC 2025","passed","Wed Oct 29 03:53:03 UTC 2025","","","",""
"","0","should include the button and instructions","verifyEmail template","Wed Oct 29 03:53:09 UTC 2025","passed","Wed Oct 29 03:53:09 UTC 2025","","","",""
"","0","Middleware - matchFilterCheck","@withstudiocms/effect Package Tests","Wed Oct 29 03:52:35 UTC 2025","passed","Wed Oct 29 03:52:35 UTC 2025","matchFilterCheck Tests","Middleware Utility Tests","",""
"","4","Editor with null content","Editor component","Wed Oct 29 03:52:32 UTC 2025","passed","Wed Oct 29 03:52:32 UTC 2025","","","",""
"","3","AuthKitConfig - AuthKitConfig creates correct config object","@withstudiocms/auth-kit Package Tests","Wed Oct 29 03:52:26 UTC 2025","passed","Wed Oct 29 03:52:26 UTC 2025","AuthKitConfig Tests","Config Tests","",""
"","4","Editor with multiline content","Editor component","Wed Oct 29 03:52:32 UTC 2025","passed","Wed Oct 29 03:52:32 UTC 2025","","","",""
"","2","should return original src when image processing throws error","cloudinaryImageService","Wed Oct 29 03:52:28 UTC 2025","passed","Wed Oct 29 03:52:28 UTC 2025","","error handling","",""
"","3","plugin creation with default options","StudioCMS WYSIWYG Plugin","Wed Oct 29 03:52:43 UTC 2025","passed","Wed Oct 29 03:52:43 UTC 2025","","","",""
"","0","createURLGenFactory - Non-dashboard route with path","@withstudiocms/internal_helpers Package Tests","Wed Oct 29 03:52:55 UTC 2025","passed","Wed Oct 29 03:52:55 UTC 2025","createURLGenFactory - Non-dashboard route with path","createURLGenFactory Tests","",""
"","5","updates page header title","pageHeaderUpdater","Wed Oct 29 03:53:14 UTC 2025","passed","Wed Oct 29 03:53:14 UTC 2025","","","",""
"","0","createRenderer handles null content","WYSIWYG Partial Route","Wed Oct 29 03:52:59 UTC 2025","passed","Wed Oct 29 03:52:59 UTC 2025","","","",""
"","0","Utility - convertHyphensToUnderscores converts ""hello-world-test-case"" to ""hello_world_test_case""","@withstudiocms/component-registry Package Tests","Wed Oct 29 03:52:24 UTC 2025","passed","Wed Oct 29 03:52:24 UTC 2025","convertHyphensToUnderscores Tests","Utility Tests","",""
"","2","Drizzle - drizzleDBClientLive provides DrizzleDBClientService","@withstudiocms/effect Package Tests","Wed Oct 29 03:52:28 UTC 2025","passed","Wed Oct 29 03:52:28 UTC 2025","drizzleDBClientLive Tests","Drizzle Service Tests","",""
"","5","render component with avatar URL","Components Container tests","Wed Oct 29 03:52:33 UTC 2025","passed","Wed Oct 29 03:52:33 UTC 2025","SSRUser component","Shared components","",""
"","0","returns yellow for <=100","webVitalsUtils","Wed Oct 29 03:52:23 UTC 2025","passed","Wed Oct 29 03:52:23 UTC 2025","","progressBarInpTrackColor","",""
"","0","should have correct plugin name","@studiocms/google","Wed Oct 29 03:52:37 UTC 2025","passed","Wed Oct 29 03:52:37 UTC 2025","","plugin structure","",""
"","3","getPluginInfo returns correct plugin metadata","StudioCMSPluginTester","Wed Oct 29 03:52:47 UTC 2025","passed","Wed Oct 29 03:52:47 UTC 2025","","","",""
"","115","PostHeader renders correctly","PostHeader component","Wed Oct 29 03:53:10 UTC 2025","passed","Wed Oct 29 03:53:11 UTC 2025","","","",""
"","20","measures longer execution for slow callbacks","measureExecutionTime","Wed Oct 29 03:53:03 UTC 2025","passed","Wed Oct 29 03:53:03 UTC 2025","","","",""
"","1","Session Module - validateSessionToken returns null for invalid session","@withstudiocms/auth-kit Package Tests","Wed Oct 29 03:52:27 UTC 2025","passed","Wed Oct 29 03:52:27 UTC 2025","validateSessionToken Invalid Session Tests","Session Module Tests","",""
"","0","TemplateRenderer - Nested property access","@withstudiocms/template-lang Package Tests","Wed Oct 29 03:52:16 UTC 2025","passed","Wed Oct 29 03:52:16 UTC 2025","TemplateRenderer - Nested property access","TemplateRenderer Tests","",""
"","0","should configure Discord as OAuth provider","@studiocms/discord","Wed Oct 29 03:52:36 UTC 2025","passed","Wed Oct 29 03:52:36 UTC 2025","","OAuth provider configuration","",""
"","0","Utility - convertHyphensToUnderscores converts ""---"" to ""___""","@withstudiocms/component-registry Package Tests","Wed Oct 29 03:52:24 UTC 2025","passed","Wed Oct 29 03:52:24 UTC 2025","convertHyphensToUnderscores Tests","Utility Tests","",""
"","4","Zod Utils - deepRemoveDefaults Tests","@withstudiocms/config-utils Package Tests","Wed Oct 29 03:52:39 UTC 2025","passed","Wed Oct 29 03:52:39 UTC 2025","deepRemoveDefaults Test Set","Zod Utility Tests","",""
"","0","Libravatar Utils - composeAvatarUrl with delegationServer=""null"" and https=true","@withstudiocms/auth-kit Package Tests","Wed Oct 29 03:52:25 UTC 2025","passed","Wed Oct 29 03:52:25 UTC 2025","composeAvatarUrl Tests","Libravatar Utility Tests","",""
"","2","should include all required Google environment variables","@studiocms/google","Wed Oct 29 03:52:37 UTC 2025","passed","Wed Oct 29 03:52:37 UTC 2025","","OAuth provider configuration","",""
"","1","should return original src when CMS_CLOUDINARY_CLOUDNAME is empty string","cloudinaryImageService","Wed Oct 29 03:52:28 UTC 2025","passed","Wed Oct 29 03:52:28 UTC 2025","","error handling","",""
"","3","returns a non-negative number for a synchronous callback","measureExecutionTime","Wed Oct 29 03:53:03 UTC 2025","passed","Wed Oct 29 03:53:03 UTC 2025","","","",""
"","2","returns an HTML string","userInvite template","Wed Oct 29 03:53:07 UTC 2025","passed","Wed Oct 29 03:53:07 UTC 2025","","","",""
"","0","should handle multiple imports consistently","shared module","Wed Oct 29 03:52:47 UTC 2025","passed","Wed Oct 29 03:52:47 UTC 2025","","globalThis integration","",""
"","0","generates correct XML for a single entry","template","Wed Oct 29 03:52:55 UTC 2025","passed","Wed Oct 29 03:52:55 UTC 2025","","","",""
"","2","should handle special characters and unicode content","renderMDX","Wed Oct 29 03:52:16 UTC 2025","passed","Wed Oct 29 03:52:16 UTC 2025","","Edge cases","",""
"","0","makeProvide returns an Effect","CacheContext","Wed Oct 29 03:52:32 UTC 2025","passed","Wed Oct 29 03:52:32 UTC 2025","","","",""
"","8","processes valid group and returns correct summary","processWebVitalsRouteSummary","Wed Oct 29 03:52:46 UTC 2025","passed","Wed Oct 29 03:52:46 UTC 2025","","","",""
"","0","stripHtmlExtension removes .html extension","@withstudiocms/internal_helpers Package Tests","Wed Oct 29 03:52:25 UTC 2025","passed","Wed Oct 29 03:52:25 UTC 2025","stripHtmlExtension removes .html extension","Path Generators Tests","",""
"","1","User Module - getUserPermissionLevel returns correct enum","@withstudiocms/auth-kit Package Tests","Wed Oct 29 03:52:21 UTC 2025","passed","Wed Oct 29 03:52:21 UTC 2025","getUserPermissionLevel Tests","User Module Tests","",""
"","31","RSSIcon renders correctly","RSSIcon component","Wed Oct 29 03:53:10 UTC 2025","passed","Wed Oct 29 03:53:10 UTC 2025","","","",""
"","1","Utility - integrationLogger does not log info/debug when verbose is false for logLevel info","@withstudiocms/component-registry Package Tests","Wed Oct 29 03:52:24 UTC 2025","passed","Wed Oct 29 03:52:24 UTC 2025","integrationLogger Tests","Utility Tests","",""
"","0","ensureLeadingSlash adds slash if missing","@withstudiocms/internal_helpers Package Tests","Wed Oct 29 03:52:24 UTC 2025","passed","Wed Oct 29 03:52:24 UTC 2025","ensureLeadingSlash adds slash if missing","Path Generators Tests","",""
"","0","Libravatar Utils - sanitizedTarget","@withstudiocms/auth-kit Package Tests","Wed Oct 29 03:52:25 UTC 2025","passed","Wed Oct 29 03:52:25 UTC 2025","sanitizedTarget Tests","Libravatar Utility Tests","",""
"","0","should generate REST API route for v1","v1RestRoute","Wed Oct 29 03:53:05 UTC 2025","passed","Wed Oct 29 03:53:05 UTC 2025","","","",""
"","3","render component with badge","Components Container tests","Wed Oct 29 03:52:33 UTC 2025","passed","Wed Oct 29 03:52:33 UTC 2025","PageHeader component","First Time Setup components","",""
"","1","should handle StudioCMS flavor with callouts disabled in virtual imports","studiocmsMD","Wed Oct 29 03:52:19 UTC 2025","passed","Wed Oct 29 03:52:19 UTC 2025","","plugin hooks","",""
"","0","fromCodePoint with input: 128512","@withstudiocms/component-registry Package Tests","Wed Oct 29 03:52:28 UTC 2025","passed","Wed Oct 29 03:52:28 UTC 2025","fromCodePoint Tests","Component Proxy Tests","",""
"","5","Response Helpers - createJsonResponse","@withstudiocms/effect Package Tests","Wed Oct 29 03:52:24 UTC 2025","passed","Wed Oct 29 03:52:24 UTC 2025","createJsonResponse Tests","Response Helpers Tests","",""
"","7","Password Utility - verifySafe - should return ""Password must not be a commonly known unsafe password (admin, root, etc.)"" for input ""admin""","@withstudiocms/auth-kit Package Tests","Wed Oct 29 03:52:41 UTC 2025","passed","Wed Oct 29 03:52:41 UTC 2025","verifySafe Tests","Password Utility Tests","",""
"","5","preserves required star in toggle label","updateToggleElmLabel","Wed Oct 29 03:53:14 UTC 2025","passed","Wed Oct 29 03:53:14 UTC 2025","","","",""
"","1","should handle very large dimensions","cloudinaryImageService","Wed Oct 29 03:52:28 UTC 2025","passed","Wed Oct 29 03:52:28 UTC 2025","","edge cases","",""
"","0","Password Utility - constantTimeEqual - should return false for inputs ""abc"" and ""def""","@withstudiocms/auth-kit Package Tests","Wed Oct 29 03:52:41 UTC 2025","passed","Wed Oct 29 03:52:41 UTC 2025","constantTimeEqual Tests","Password Utility Tests","",""
"","3","should handle makeList function with empty userDefinedPlugins","renderMDX","Wed Oct 29 03:52:16 UTC 2025","passed","Wed Oct 29 03:52:16 UTC 2025","","Edge cases","",""
"","31","Libravatar Utils - getAvatarUrl returns valid URL for email ""user@example.com""","@withstudiocms/auth-kit Package Tests","Wed Oct 29 03:52:25 UTC 2025","passed","Wed Oct 29 03:52:25 UTC 2025","getAvatarUrl Tests","Libravatar Utility Tests","",""
"","0","should have no required dependencies","@studiocms/github","Wed Oct 29 03:52:37 UTC 2025","passed","Wed Oct 29 03:52:37 UTC 2025","","plugin structure","",""
"","1","Utility - integrationLogger does not log info/debug when verbose is false for logLevel warn","@withstudiocms/component-registry Package Tests","Wed Oct 29 03:52:24 UTC 2025","passed","Wed Oct 29 03:52:24 UTC 2025","integrationLogger Tests","Utility Tests","",""
"","0","should add leading slash if missing","pathGenerator utilities","Wed Oct 29 03:52:50 UTC 2025","passed","Wed Oct 29 03:52:50 UTC 2025","","ensureLeadingSlash","",""
"","0","should handle deeply nested plugin configurations","studiocmsMDX","Wed Oct 29 03:52:22 UTC 2025","passed","Wed Oct 29 03:52:22 UTC 2025","","Edge cases","",""
"","0","stripLeadingSlash removes leading slash","@withstudiocms/internal_helpers Package Tests","Wed Oct 29 03:52:25 UTC 2025","passed","Wed Oct 29 03:52:25 UTC 2025","stripLeadingSlash removes leading slash","Path Generators Tests","",""
"","8","processes a metric group with 4+ items and computes histogram, percentiles, sampleSize","processWebVitalsSummary","Wed Oct 29 03:52:49 UTC 2025","passed","Wed Oct 29 03:52:49 UTC 2025","","","",""
"","1","plugin validates schema options","StudioCMS WYSIWYG Plugin","Wed Oct 29 03:52:43 UTC 2025","passed","Wed Oct 29 03:52:43 UTC 2025","","","",""
"","0","should return a valid StudioCMSPlugin object","@studiocms/github","Wed Oct 29 03:52:37 UTC 2025","passed","Wed Oct 29 03:52:37 UTC 2025","","plugin creation","",""
"","33","Editor with props","Editor component","Wed Oct 29 03:53:12 UTC 2025","passed","Wed Oct 29 03:53:12 UTC 2025","","","",""
"","2","Deepmerge - Effect Service - respects custom options for merging arrays","@withstudiocms/effect Package Tests","Wed Oct 29 03:52:42 UTC 2025","passed","Wed Oct 29 03:52:42 UTC 2025","Deepmerge Effect Service Tests","Deepmerge Utility Tests","",""
"","3","TemplateRenderer - Basic rendering of simple variables","@withstudiocms/template-lang Package Tests","Wed Oct 29 03:52:16 UTC 2025","passed","Wed Oct 29 03:52:16 UTC 2025","TemplateRenderer - Basic rendering of simple variables","TemplateRenderer Tests","",""
"","0","parses primitive values","Utils","Wed Oct 29 03:52:44 UTC 2025","passed","Wed Oct 29 03:52:44 UTC 2025","","parse","",""
"","0","decodeCodePoint with input: 128 (Deprecated)","@withstudiocms/component-registry Package Tests","Wed Oct 29 03:52:57 UTC 2025","passed","Wed Oct 29 03:52:57 UTC 2025","decodeCodePoint Tests (Deprecated)","Component Proxy Tests","",""
"","2","Password Utility - breakSecurePassword throws error for input ""legacy:salt:hash""","@withstudiocms/auth-kit Package Tests","Wed Oct 29 03:52:41 UTC 2025","passed","Wed Oct 29 03:52:41 UTC 2025","breakSecurePassword Error Handling Tests","Password Utility Tests","",""
"","0","astroComponentVirtual exports components with custom names","VirtualModuleBuilder","Wed Oct 29 03:52:51 UTC 2025","passed","Wed Oct 29 03:52:51 UTC 2025","","","",""
"","1","fails on non-array input","SDKCore_Parsers","Wed Oct 29 03:52:45 UTC 2025","passed","Wed Oct 29 03:52:45 UTC 2025","","parseIdNumberArray","",""
"","0","ensureLeadingSlash adds slash if missing","@withstudiocms/internal_helpers Package Tests","Wed Oct 29 03:52:24 UTC 2025","passed","Wed Oct 29 03:52:24 UTC 2025","ensureLeadingSlash adds slash if missing","Path Generators Tests","",""
"","3","User Utility - verifyUsernameCharacters","@withstudiocms/auth-kit Package Tests","Wed Oct 29 03:52:40 UTC 2025","passed","Wed Oct 29 03:52:40 UTC 2025","verifyUsernameCharacters Tests","User Utility Tests","",""
"","0","should return the userInvite template","getTemplate","Wed Oct 29 03:53:13 UTC 2025","passed","Wed Oct 29 03:53:13 UTC 2025","","","",""
"","0","should not have astro config hook","@studiocms/github","Wed Oct 29 03:52:37 UTC 2025","passed","Wed Oct 29 03:52:37 UTC 2025","","hooks","",""
"","0","remapFilterSitemap uses blog route when blog=true","getBlogRoute","Wed Oct 29 03:52:53 UTC 2025","passed","Wed Oct 29 03:52:53 UTC 2025","","","",""
"","0","returns VersionCacheObject with correct version and timestamp","versionReturn","Wed Oct 29 03:52:32 UTC 2025","passed","Wed Oct 29 03:52:32 UTC 2025","","","",""
"","4","Editor with MDX content including JSX","MDX Editor component","Wed Oct 29 03:52:45 UTC 2025","passed","Wed Oct 29 03:52:45 UTC 2025","","","",""
"trims leading and trailing underscores","0","convertToSafeString - trims leading and trailing underscores","@withstudiocms/internal_helpers Package Tests","Wed Oct 29 03:52:17 UTC 2025","passed","Wed Oct 29 03:52:17 UTC 2025","convertToSafeString - trims leading and trailing underscores","Utility Functions","",""
"","11","Scrypt - Service Tests - Should work with key length: 16","@withstudiocms/effect Package Tests","Wed Oct 29 03:52:18 UTC 2025","passed","Wed Oct 29 03:52:18 UTC 2025","ScryptService Tests","Scrypt Service Tests","",""
"","0","should reject invalid types","WordPress API Configs","Wed Oct 29 03:52:23 UTC 2025","passed","Wed Oct 29 03:52:23 UTC 2025","","APIEndpointConfig","",""
"","0","should create RawPageData with page data","WordPress API Configs","Wed Oct 29 03:52:23 UTC 2025","passed","Wed Oct 29 03:52:23 UTC 2025","","RawPageData","",""
"","28","PropsParser - parseComponentProps - parse interface props with JSDoc","@withstudiocms/component-registry Package Tests","Wed Oct 29 03:52:42 UTC 2025","passed","Wed Oct 29 03:52:42 UTC 2025","parseComponentProps Tests","Props Parser Tests","",""
"","0","should export default function","@studiocms/discord","Wed Oct 29 03:52:36 UTC 2025","passed","Wed Oct 29 03:52:36 UTC 2025","","plugin creation","",""
"","0","should allow partial blog config and fill defaults","FrontEndConfigSchema","Wed Oct 29 03:52:58 UTC 2025","passed","Wed Oct 29 03:52:58 UTC 2025","","","",""
"","3","should handle empty plugin arrays","renderMDX","Wed Oct 29 03:52:16 UTC 2025","passed","Wed Oct 29 03:52:16 UTC 2025","","Edge cases","",""
"","33","Scrypt - Service Tests - Should work with scrypt parameters N:4096, r:8, p:2","@withstudiocms/effect Package Tests","Wed Oct 29 03:52:18 UTC 2025","passed","Wed Oct 29 03:52:18 UTC 2025","ScryptService Tests","Scrypt Service Tests","",""
"","0","should reject unknown locale keys","i18nLabelSchema","Wed Oct 29 03:52:36 UTC 2025","passed","Wed Oct 29 03:52:36 UTC 2025","","","",""
"","1","getLatestVersion - Fetches and updates cache if dev mode and cache is stale","@withstudiocms/internal_helpers Package Tests","Wed Oct 29 03:52:16 UTC 2025","passed","Wed Oct 29 03:52:16 UTC 2025","getLatestVersion - Fetches and updates cache if dev mode and cache is stale","Astro Integration Utility Tests","",""
"","4","should default to { demoMode: false } when undefined","developerConfigSchema","Wed Oct 29 03:53:06 UTC 2025","passed","Wed Oct 29 03:53:06 UTC 2025","","","",""
"","2","validates null as default","WYSIWYG Types and Schema","Wed Oct 29 03:52:36 UTC 2025","passed","Wed Oct 29 03:52:36 UTC 2025","","WYSIWYGSchema","",""
"","0","ensureHtmlExtension adds .html if missing","@withstudiocms/internal_helpers Package Tests","Wed Oct 29 03:52:25 UTC 2025","passed","Wed Oct 29 03:52:25 UTC 2025","ensureHtmlExtension adds .html if missing","Path Generators Tests","",""
"","1","makePasswordModConfig with CMS_ENCRYPTION_KEY="""" throws error","@withstudiocms/auth-kit Package Tests","Wed Oct 29 03:52:26 UTC 2025","passed","Wed Oct 29 03:52:26 UTC 2025","makePasswordModConfig Tests","Config Tests","",""
"","1","should configure GitHub OAuth provider in studiocms config hook","@studiocms/github","Wed Oct 29 03:52:37 UTC 2025","passed","Wed Oct 29 03:52:37 UTC 2025","","hooks","",""
"","0","returns green for <=0.25","webVitalsUtils","Wed Oct 29 03:52:23 UTC 2025","passed","Wed Oct 29 03:52:23 UTC 2025","","progressBarClsColor","",""
"","0","should generate REST API route for given version","restRoute","Wed Oct 29 03:53:05 UTC 2025","passed","Wed Oct 29 03:53:05 UTC 2025","","","",""
"","0","accepts valid props and returns a string","StudioCMSImageService","Wed Oct 29 03:52:52 UTC 2025","passed","Wed Oct 29 03:52:52 UTC 2025","","","",""
"","0","should handle empty path string","makeAPIRoute","Wed Oct 29 03:53:05 UTC 2025","passed","Wed Oct 29 03:53:05 UTC 2025","","","",""
"replaces non-alphanumeric with underscores and lowercases","0","convertToSafeString - replaces non-alphanumeric with underscores and lowercases","@withstudiocms/internal_helpers Package Tests","Wed Oct 29 03:52:17 UTC 2025","passed","Wed Oct 29 03:52:17 UTC 2025","convertToSafeString - replaces non-alphanumeric with underscores and lowercases","Utility Functions","",""
"","0","logs and throws error for type true","throwMsg","Wed Oct 29 03:52:28 UTC 2025","passed","Wed Oct 29 03:52:28 UTC 2025","","","",""
"","0","should escape special HTML characters in title and message","notification template","Wed Oct 29 03:53:07 UTC 2025","passed","Wed Oct 29 03:53:07 UTC 2025","","","",""
"","1","generateToken returns a JWT string","SDKCore_Generators","Wed Oct 29 03:53:02 UTC 2025","passed","Wed Oct 29 03:53:02 UTC 2025","","","",""
"","1","pluginLogger forks logger with correct label for id ""test-plugin""","@withstudiocms/internal_helpers Package Tests","Wed Oct 29 03:52:16 UTC 2025","passed","Wed Oct 29 03:52:16 UTC 2025","pluginLogger - id: test-plugin","Astro Integration Utility Tests","",""
"","2","should be a symbol","shared module","Wed Oct 29 03:52:47 UTC 2025","passed","Wed Oct 29 03:52:47 UTC 2025","","symbol","",""
"","4","should render MDX content with JSX components","renderMDX","Wed Oct 29 03:52:16 UTC 2025","passed","Wed Oct 29 03:52:16 UTC 2025","","","",""
"","0","TemplateRenderer - Missing variable with default empty string","@withstudiocms/template-lang Package Tests","Wed Oct 29 03:52:16 UTC 2025","passed","Wed Oct 29 03:52:16 UTC 2025","TemplateRenderer - Missing variable with default empty string","TemplateRenderer Tests","",""
"","0","should set correct endpoint path","@studiocms/github","Wed Oct 29 03:52:37 UTC 2025","passed","Wed Oct 29 03:52:37 UTC 2025","","OAuth provider configuration","",""
"","0","should create DownloadImageConfig with string URLs","WordPress API Configs","Wed Oct 29 03:52:23 UTC 2025","passed","Wed Oct 29 03:52:23 UTC 2025","","DownloadImageConfig","",""
"throws on unknown semver category","1","loadChangelog - throws on unknown semver category","@withstudiocms/internal_helpers Package Tests","Wed Oct 29 03:52:17 UTC 2025","passed","Wed Oct 29 03:52:17 UTC 2025","loadChangelog - throws on unknown semver category","Utility Functions","",""
"","0","replaceCodePoint with input: 128","@withstudiocms/component-registry Package Tests","Wed Oct 29 03:52:57 UTC 2025","passed","Wed Oct 29 03:52:57 UTC 2025","replaceCodePoint Tests","Component Proxy Tests","",""
"","1","Context Utils - parseFormDataEntryToString","@withstudiocms/effect Package Tests","Wed Oct 29 03:52:26 UTC 2025","passed","Wed Oct 29 03:52:26 UTC 2025","parseFormDataEntryToString Tests","Context Utils Tests","",""
"","0","should create layer with makeLayer","WordPress API Configs","Wed Oct 29 03:52:23 UTC 2025","passed","Wed Oct 29 03:52:23 UTC 2025","","ImportPostsEndpointConfig","",""
"","1","should reject field with missing required properties","FieldSchema","Wed Oct 29 03:52:36 UTC 2025","passed","Wed Oct 29 03:52:36 UTC 2025","","","",""
"","0","should validate rendered data structure","WordPress API Schema","Wed Oct 29 03:52:23 UTC 2025","passed","Wed Oct 29 03:52:23 UTC 2025","","RenderedData","",""
"","10","ComponentRegistry - validateProps - missing required props","@withstudiocms/component-registry Package Tests","Wed Oct 29 03:52:19 UTC 2025","passed","Wed Oct 29 03:52:19 UTC 2025","validateProps Tests","Component Registry Tests","",""
"","0","should be instance of StudioCMSError","StudioCMSCoreError","Wed Oct 29 03:53:09 UTC 2025","passed","Wed Oct 29 03:53:09 UTC 2025","","","",""
"","5","should create a plugin with correct metadata","@studiocms/google","Wed Oct 29 03:52:37 UTC 2025","passed","Wed Oct 29 03:52:37 UTC 2025","","plugin creation","",""
"","1","User Utility - verifyUsernameSafe","@withstudiocms/auth-kit Package Tests","Wed Oct 29 03:52:40 UTC 2025","passed","Wed Oct 29 03:52:40 UTC 2025","verifyUsernameSafe Tests","User Utility Tests","",""
"","4","should aggregate historical data correctly","buildPerPageRouteDataObject","Wed Oct 29 03:52:39 UTC 2025","passed","Wed Oct 29 03:52:39 UTC 2025","","","",""
"","0","encodes a string to base64url format","base64UrlEncode","Wed Oct 29 03:52:47 UTC 2025","passed","Wed Oct 29 03:52:47 UTC 2025","","","",""
"","9","should render simple MDX content","renderMDX","Wed Oct 29 03:52:16 UTC 2025","passed","Wed Oct 29 03:52:16 UTC 2025","","","",""
"","0","should configure Google as OAuth provider","@studiocms/google","Wed Oct 29 03:52:37 UTC 2025","passed","Wed Oct 29 03:52:37 UTC 2025","","OAuth provider configuration","",""
"","0","should have correct plugin name","studiocmsMDX","Wed Oct 29 03:52:22 UTC 2025","passed","Wed Oct 29 03:52:22 UTC 2025","","plugin configuration","",""
"","0","accepts valid processed config","ProcessedSDKSchema","Wed Oct 29 03:52:44 UTC 2025","passed","Wed Oct 29 03:52:44 UTC 2025","","","",""
"","1","warn logs message at specified logLevel when verbose is undefined","@withstudiocms/internal_helpers Package Tests","Wed Oct 29 03:52:16 UTC 2025","passed","Wed Oct 29 03:52:16 UTC 2025","integrationLogger - warn method","Astro Integration Utility Tests","",""
"","0","Errors - prefixError - Handle errors without message property","@withstudiocms/component-registry Package Tests","Wed Oct 29 03:52:36 UTC 2025","passed","Wed Oct 29 03:52:36 UTC 2025","prefixError Tests","Error Tests","",""
"","0","User Utility - parseRequiredPerms","@withstudiocms/auth-kit Package Tests","Wed Oct 29 03:52:40 UTC 2025","passed","Wed Oct 29 03:52:40 UTC 2025","parseRequiredPerms Tests","User Utility Tests","",""
"","7","should create integration with default options","StudioCMS DevApps Integration","Wed Oct 29 03:53:07 UTC 2025","passed","Wed Oct 29 03:53:07 UTC 2025","","studioCMSDevApps","",""
"","2","should create StringConfig with correct structure","WordPress API Configs","Wed Oct 29 03:52:23 UTC 2025","passed","Wed Oct 29 03:52:23 UTC 2025","","StringConfig","",""
"","0","Utility - getIndent returns "" "" for input "" hello world ""","@withstudiocms/component-registry Package Tests","Wed Oct 29 03:52:24 UTC 2025","passed","Wed Oct 29 03:52:24 UTC 2025","getIndent Tests","Utility Tests","",""
"","0","should accept enabled as false","authConfigSchema","Wed Oct 29 03:52:55 UTC 2025","passed","Wed Oct 29 03:52:55 UTC 2025","","","",""
"","0","returns yellow for >0.25 and <=0.5","webVitalsUtils","Wed Oct 29 03:52:23 UTC 2025","passed","Wed Oct 29 03:52:23 UTC 2025","","clsTextColor","",""
"","0","should set correct endpoint path","@studiocms/auth0","Wed Oct 29 03:52:36 UTC 2025","passed","Wed Oct 29 03:52:36 UTC 2025","","OAuth provider configuration","",""
"","3","should create a plugin with correct metadata","@studiocms/discord","Wed Oct 29 03:52:36 UTC 2025","passed","Wed Oct 29 03:52:36 UTC 2025","","plugin creation","",""
"","0","decode - input: &lt;tag&gt;","@withstudiocms/component-registry Package Tests","Wed Oct 29 03:53:04 UTC 2025","passed","Wed Oct 29 03:53:04 UTC 2025","decode Tests","Component Proxy Tests","",""
