"DESCRIPTION","DURATION IN MS","NAME","PARENT SUITE","START TIME","STATUS","STOP TIME","SUB SUITE","SUITE","TEST CLASS","TEST METHOD"
"","1","Category - should validate complete category data","@studiocms/devapps Package Tests","Tue Jan 06 05:24:00 UTC 2026","passed","Tue Jan 06 05:24:00 UTC 2026","Category Schema Tests","WordPress API Schema Tests","",""
"","1","should set defaultLang to ""en""","studiocms Package Tests","Tue Jan 06 05:24:43 UTC 2026","passed","Tue Jan 06 05:24:43 UTC 2026","defaultLang tests","i18n Config tests","",""
"","248","Kysely migrator can report current migration state","@withstudiocms/kysely Package Tests","Tue Jan 06 05:25:00 UTC 2026","passed","Tue Jan 06 05:25:00 UTC 2026","Kysely migrator can report current migration state","Migrator Core Functionality","",""
"","0","Const: STUDIOCMS_CDN_URL","studiocms Package Tests","Tue Jan 06 05:24:11 UTC 2026","passed","Tue Jan 06 05:24:11 UTC 2026","Const: STUDIOCMS_CDN_URL","consts.ts tests","",""
"","1","sortByDate test case #4","studiocms Package Tests","Tue Jan 06 05:24:36 UTC 2026","passed","Tue Jan 06 05:24:36 UTC 2026","sortByDate test","Components Utils tests","",""
"","3","TimeStringSchema invalid format test case #1","studiocms Package Tests","Tue Jan 06 05:24:22 UTC 2026","passed","Tue Jan 06 05:24:22 UTC 2026","TimeStringSchema tests","Config Schemas tests (SDK)","",""
"","0","makePasswordModConfig with CMS_ENCRYPTION_KEY=""not-base64!"" throws error","@withstudiocms/auth-kit Package Tests","Tue Jan 06 05:24:11 UTC 2026","passed","Tue Jan 06 05:24:11 UTC 2026","makePasswordModConfig Tests","Config Tests","",""
"","9","Libravatar Utils - getAvatarUrl returns valid URL for openid ""https://openid.example.com/user""","@withstudiocms/auth-kit Package Tests","Tue Jan 06 05:24:12 UTC 2026","passed","Tue Jan 06 05:24:12 UTC 2026","getAvatarUrl Tests","Libravatar Utility Tests","",""
"","0","stripLeadingSlash removes leading slash","@withstudiocms/internal_helpers Package Tests","Tue Jan 06 05:24:10 UTC 2026","passed","Tue Jan 06 05:24:10 UTC 2026","stripLeadingSlash removes leading slash","Path Generators Tests","",""
"","1","Default Template Engine tests - template content validation","studiocms Package Tests","Tue Jan 06 05:24:54 UTC 2026","passed","Tue Jan 06 05:24:54 UTC 2026","Default Template Engine tests - template content validation","Default Template Engine tests","",""
"","1","should have a valid entry for image name: studiocms-blocks","studiocms Package Tests","Tue Jan 06 05:24:49 UTC 2026","passed","Tue Jan 06 05:24:49 UTC 2026","validImages individual entry tests","validImages Virtual tests","",""
"","4","WYSIWYG Editor Component Test Case #5","@studiocms/wysiwyg Package Tests","Tue Jan 06 05:24:52 UTC 2026","passed","Tue Jan 06 05:24:52 UTC 2026","WYSIWYG Editor Component Tests","StudioCMS WYSIWYG Plugin Tests","",""
"","0","ensureLeadingAndTrailingSlashes adds both slashes","@withstudiocms/internal_helpers Package Tests","Tue Jan 06 05:24:10 UTC 2026","passed","Tue Jan 06 05:24:10 UTC 2026","ensureLeadingAndTrailingSlashes adds both slashes","Path Generators Tests","",""
"","18","API Route - defineAPIRoute (deprecated Utility)","@withstudiocms/effect Package Tests","Tue Jan 06 05:24:03 UTC 2026","passed","Tue Jan 06 05:24:03 UTC 2026","defineAPIRoute Tests (Deprecated)","API Route Helpers Tests","",""
"","30","Context Utils - readAPIContextJson","@withstudiocms/effect Package Tests","Tue Jan 06 05:24:13 UTC 2026","passed","Tue Jan 06 05:24:13 UTC 2026","readAPIContextJson Tests","Context Utils Tests","",""
"","1","generateContent throws for invalid config: {""policy"":[{""userAgent"":""*"",""allow"":[""/""],""disallow"":[""/private""],""crawlDelay"":100}],""sitemap"":false,""host"":false}","studiocms Package Tests","Tue Jan 06 05:24:09 UTC 2026","passed","Tue Jan 06 05:24:09 UTC 2026","generateContent invalid config tests","Robots Core Utils","",""
"","0","Middleware - matchFilterCheck","@withstudiocms/effect Package Tests","Tue Jan 06 05:24:21 UTC 2026","passed","Tue Jan 06 05:24:21 UTC 2026","matchFilterCheck Tests","Middleware Utility Tests","",""
"","0","stripLeadingSlash('hello') should return 'hello'","@studiocms/devapps Package Tests","Tue Jan 06 05:24:22 UTC 2026","passed","Tue Jan 06 05:24:22 UTC 2026","stripLeadingSlash Tests","pathGenerator Utility Function Tests","",""
"","0","stripTrailingSlash('hello/world/') should return 'hello/world'","@studiocms/devapps Package Tests","Tue Jan 06 05:24:22 UTC 2026","passed","Tue Jan 06 05:24:22 UTC 2026","stripTrailingSlash Tests","pathGenerator Utility Function Tests","",""
"","0","firstUpperCase('123abc') should return '123abc'","@studiocms/wysiwyg Package Tests","Tue Jan 06 05:24:37 UTC 2026","passed","Tue Jan 06 05:24:37 UTC 2026","firstUpperCase Function Tests","Utils Tests","",""
"","1","makePublicRoute('/assets') should return 'public/studiocms-resources//assets/'","studiocms Package Tests","Tue Jan 06 05:25:02 UTC 2026","passed","Tue Jan 06 05:25:02 UTC 2026","makePublicRoute test","Make Public Route Virtual tests","",""
"","2","MetaDataSchema should validate input: [{""key"":""test"",""value"":""value""},{""key"":""number"",""value"":123},{""key"":""boolean"",""value"":true}]","@studiocms/devapps Package Tests","Tue Jan 06 05:24:00 UTC 2026","passed","Tue Jan 06 05:24:00 UTC 2026","MetaDataSchema Tests","WordPress API Schema Tests","",""
"","4","Handler - resolver - passes correct resolve function to callback","@withstudiocms/component-registry Package Tests","Tue Jan 06 05:24:04 UTC 2026","passed","Tue Jan 06 05:24:04 UTC 2026","resolver Tests","Utility Tests","",""
"","1","makeAPIRoute('')('test') should return '/studiocms_api//test'","studiocms Package Tests","Tue Jan 06 05:24:33 UTC 2026","passed","Tue Jan 06 05:24:33 UTC 2026","makeAPIRoute test","Make API Route Virtual tests","",""
"","0","Libravatar Utils - sanitizedTarget","@withstudiocms/auth-kit Package Tests","Tue Jan 06 05:24:12 UTC 2026","passed","Tue Jan 06 05:24:12 UTC 2026","sanitizedTarget Tests","Libravatar Utility Tests","",""
"","1","should throw error when file does not exist","@studiocms/cloudinary-image-service Package Tests","Tue Jan 06 05:24:22 UTC 2026","passed","Tue Jan 06 05:24:22 UTC 2026","readJson Functionality Tests","readJson Utility Function Tests","",""
"","0","TemplateRenderer - Handling null values","@withstudiocms/template-lang Package Tests","Tue Jan 06 05:23:59 UTC 2026","passed","Tue Jan 06 05:23:59 UTC 2026","TemplateRenderer - Handling null values","TemplateRenderer Tests","",""
"","1","validImage ""studiocms-blocks"" should have non-null light and dark properties","studiocms Package Tests","Tue Jan 06 05:24:49 UTC 2026","passed","Tue Jan 06 05:24:49 UTC 2026","validImages local image light/dark tests","validImages Virtual tests","",""
"","0","isFaviconExt should return false for invalid extension","@studiocms/blog Package Tests","Tue Jan 06 05:24:21 UTC 2026","passed","Tue Jan 06 05:24:21 UTC 2026","isFaviconExt Function Tests","Type Definitions Tests","",""
"","2","printInfo logs correctly for fileSize: 11, executionTime: 100","studiocms Package Tests","Tue Jan 06 05:24:09 UTC 2026","passed","Tue Jan 06 05:24:09 UTC 2026","printInfo tests","Robots Core Utils","",""
"","0","AppsConfigSchema should parse config: undefined","@studiocms/devapps Package Tests","Tue Jan 06 05:24:29 UTC 2026","passed","Tue Jan 06 05:24:29 UTC 2026","AppsConfigSchema Tests","Schema Validation Tests","",""
"","5","createURLGenFactory - Dashboard route with path","@withstudiocms/internal_helpers Package Tests","Tue Jan 06 05:24:46 UTC 2026","passed","Tue Jan 06 05:24:46 UTC 2026","createURLGenFactory - Dashboard route with path","createURLGenFactory Tests","",""
"","0","APIEndpointConfig - should create config for type: posts","@studiocms/devapps Package Tests","Tue Jan 06 05:24:06 UTC 2026","passed","Tue Jan 06 05:24:06 UTC 2026","APIEndpointConfig Tests","WordPress API Config Tests","",""
"","0","Middleware - handlerFilter","@withstudiocms/effect Package Tests","Tue Jan 06 05:24:21 UTC 2026","passed","Tue Jan 06 05:24:21 UTC 2026","handlerFilter Tests","Middleware Utility Tests","",""
"","11","ComponentRegistry - validateProps - valid props","@withstudiocms/component-registry Package Tests","Tue Jan 06 05:24:01 UTC 2026","passed","Tue Jan 06 05:24:01 UTC 2026","validateProps Tests","Component Registry Tests","",""
"","0","ensureHtmlExtension adds .html if missing","@withstudiocms/internal_helpers Package Tests","Tue Jan 06 05:24:10 UTC 2026","passed","Tue Jan 06 05:24:10 UTC 2026","ensureHtmlExtension adds .html if missing","Path Generators Tests","",""
"","0","isFaviconExt should return false for invalid extension","@studiocms/blog Package Tests","Tue Jan 06 05:24:21 UTC 2026","passed","Tue Jan 06 05:24:21 UTC 2026","isFaviconExt Function Tests","Type Definitions Tests","",""
"throws error if comp is empty string","0","rendererComponentFilter - throws error if comp is empty string","@withstudiocms/internal_helpers Package Tests","Tue Jan 06 05:24:00 UTC 2026","passed","Tue Jan 06 05:24:00 UTC 2026","rendererComponentFilter - throws error if comp is empty string","Utility Functions","",""
"","0","WYSIWYGSchema Test Case #7","@studiocms/wysiwyg Package Tests","Tue Jan 06 05:24:35 UTC 2026","passed","Tue Jan 06 05:24:35 UTC 2026","WYSIWYGSchema Validation Tests","WYSIWYG Types Tests","",""
"","5","Plugin Creation - Validates Plugin Structure","@studiocms/github Package Tests","Tue Jan 06 05:24:34 UTC 2026","passed","Tue Jan 06 05:24:34 UTC 2026","Plugin Creation Tests","GitHub Plugin Tests","",""
"","2","should handle empty content","@studiocms/mdx Package Tests","Tue Jan 06 05:24:07 UTC 2026","passed","Tue Jan 06 05:24:07 UTC 2026","MDX Rendering Tests","renderMDX Function Tests","",""
"","1","generateContent throws for invalid config: {""policy"":[{""userAgent"":""*"",""allow"":[""/""],""disallow"":[""/private""],""crawlDelay"":""fast""}],""sitemap"":false,""host"":false}","studiocms Package Tests","Tue Jan 06 05:24:09 UTC 2026","passed","Tue Jan 06 05:24:09 UTC 2026","generateContent invalid config tests","Robots Core Utils","",""
"","28","getDialect identifies SQL dialect correctly sqlite","@withstudiocms/kysely Package Tests","Tue Jan 06 05:25:04 UTC 2026","passed","Tue Jan 06 05:25:04 UTC 2026","getDialect identifies SQL dialect correctly sqlite","Introspection Utilities","",""
"","1","StudioCMSRoutes.mainLinks.contentManagement should be defined","studiocms Package Tests","Tue Jan 06 05:24:27 UTC 2026","passed","Tue Jan 06 05:24:27 UTC 2026","StudioCMSRoutes.mainLinks.contentManagement test","Route Map Virtual tests","",""
"","1","Session Utility - makeExpirationDate throws SessionError if expTime is not a number","@withstudiocms/auth-kit Package Tests","Tue Jan 06 05:24:43 UTC 2026","passed","Tue Jan 06 05:24:43 UTC 2026","makeExpirationDate Error Handling Tests","Session Utility Tests","",""
"","1","MetaDataSchema should reject invalid inputs","@studiocms/devapps Package Tests","Tue Jan 06 05:24:00 UTC 2026","passed","Tue Jan 06 05:24:00 UTC 2026","MetaDataSchema Tests","WordPress API Schema Tests","",""
"","22","ComponentRegistry - validateProps - missing required props","@withstudiocms/component-registry Package Tests","Tue Jan 06 05:24:01 UTC 2026","passed","Tue Jan 06 05:24:01 UTC 2026","validateProps Tests","Component Registry Tests","",""
"","0","should create resolver from relative path","@withstudiocms/internal_helpers Package Tests","Tue Jan 06 05:24:10 UTC 2026","passed","Tue Jan 06 05:24:10 UTC 2026","should create resolver from relative path","Path Resolver Tests","",""
"","4","studiocms:config:setup Hook - Configures Auth0 OAuth Provider","@studiocms/auth0 Package Tests","Tue Jan 06 05:24:31 UTC 2026","passed","Tue Jan 06 05:24:31 UTC 2026","studiocms:config:setup Hook Tests","Auth0 Plugin Tests","",""
"","1","Const: makeDashboardRoute","studiocms Package Tests","Tue Jan 06 05:24:11 UTC 2026","passed","Tue Jan 06 05:24:11 UTC 2026","Const: makeDashboardRoute","consts.ts tests","",""
"","0","isFaviconExt should return false for invalid extension","@studiocms/blog Package Tests","Tue Jan 06 05:24:21 UTC 2026","passed","Tue Jan 06 05:24:21 UTC 2026","isFaviconExt Function Tests","Type Definitions Tests","",""
"","29","Config Loader - loadConfigFile","@withstudiocms/config-utils Package Tests","Tue Jan 06 05:24:06 UTC 2026","passed","Tue Jan 06 05:24:06 UTC 2026","loadConfigFile Tests","Config Loader Tests","",""
"","1","Const: CMSNotificationSettingsId","studiocms Package Tests","Tue Jan 06 05:24:11 UTC 2026","passed","Tue Jan 06 05:24:11 UTC 2026","Const: CMSNotificationSettingsId","consts.ts tests","",""
"","2","StudioCMSOptionsSchema specific field test case #1","studiocms Package Tests","Tue Jan 06 05:24:32 UTC 2026","passed","Tue Jan 06 05:24:32 UTC 2026","StudioCMSOptionsSchema tests","Config Schemas tests (Index)","",""
"","3","Buildkit CLI - help command","@withstudiocms/buildkit Package Tests","Tue Jan 06 05:24:31 UTC 2026","passed","Tue Jan 06 05:24:31 UTC 2026","Buildkit CLI - help command","CLI Tests","",""
"","0","Middleware - handlerFilter","@withstudiocms/effect Package Tests","Tue Jan 06 05:24:21 UTC 2026","passed","Tue Jan 06 05:24:21 UTC 2026","handlerFilter Tests","Middleware Utility Tests","",""
"","1","safeString test case #3","studiocms Package Tests","Tue Jan 06 05:24:57 UTC 2026","passed","Tue Jan 06 05:24:57 UTC 2026","safeString tests","Dynamic Sitemap Integration and Utils","",""
"","0","Middleware - matchFilterCheck","@withstudiocms/effect Package Tests","Tue Jan 06 05:24:21 UTC 2026","passed","Tue Jan 06 05:24:21 UTC 2026","matchFilterCheck Tests","Middleware Utility Tests","",""
"","7","dashboardConfigSchema optional test case #1","studiocms Package Tests","Tue Jan 06 05:24:48 UTC 2026","passed","Tue Jan 06 05:24:48 UTC 2026","dashboardConfigSchema tests","Config Schemas tests (Dashboard)","",""
"","13","Scrypt - ScryptConfig Make and Context Provisioning","@withstudiocms/effect Package Tests","Tue Jan 06 05:24:00 UTC 2026","passed","Tue Jan 06 05:24:00 UTC 2026","ScryptConfig Tests","Scrypt Service Tests","",""
"","1","StudioCMSRoutes.mainLinks.baseSiteURL should be defined","studiocms Package Tests","Tue Jan 06 05:24:27 UTC 2026","passed","Tue Jan 06 05:24:27 UTC 2026","StudioCMSRoutes.mainLinks.baseSiteURL test","Route Map Virtual tests","",""
"","0","Utility - dedent correctly dedents input","@withstudiocms/component-registry Package Tests","Tue Jan 06 05:24:04 UTC 2026","passed","Tue Jan 06 05:24:04 UTC 2026","dedent Tests","Utility Tests","",""
"","0","Middleware - sortByPriority","@withstudiocms/effect Package Tests","Tue Jan 06 05:24:21 UTC 2026","passed","Tue Jan 06 05:24:21 UTC 2026","sortByPriority Tests","Middleware Utility Tests","",""
"","1","API Route - createEffectAPIRoutes","@withstudiocms/effect Package Tests","Tue Jan 06 05:24:03 UTC 2026","passed","Tue Jan 06 05:24:03 UTC 2026","createEffectAPIRoutes Tests","API Route Helpers Tests","",""
"","1","decode-data-xml - should contain the correct char codes","@withstudiocms/component-registry Package Tests","Tue Jan 06 05:24:55 UTC 2026","passed","Tue Jan 06 05:24:55 UTC 2026","decode-data-xml Tests","Component Proxy Tests","",""
"","1","Session Utility - makeExpirationDate returns a Date in the future","@withstudiocms/auth-kit Package Tests","Tue Jan 06 05:24:43 UTC 2026","passed","Tue Jan 06 05:24:43 UTC 2026","makeExpirationDate Tests","Session Utility Tests","",""
"","0","stripTrailingSlash('hello/world') should return 'hello/world'","@studiocms/devapps Package Tests","Tue Jan 06 05:24:22 UTC 2026","passed","Tue Jan 06 05:24:22 UTC 2026","stripTrailingSlash Tests","pathGenerator Utility Function Tests","",""
"","4","Symbol Tests","@studiocms/html Package Tests","Tue Jan 06 05:24:37 UTC 2026","passed","Tue Jan 06 05:24:37 UTC 2026","Symbol Tests","Shared Module Tests","",""
"","3","Middleware - matchFilterCheck","@withstudiocms/effect Package Tests","Tue Jan 06 05:24:21 UTC 2026","passed","Tue Jan 06 05:24:21 UTC 2026","matchFilterCheck Tests","Middleware Utility Tests","",""
"","1","Const: StudioCMSMarkdownDefaults.flavor","studiocms Package Tests","Tue Jan 06 05:24:11 UTC 2026","passed","Tue Jan 06 05:24:11 UTC 2026","Const: StudioCMSMarkdownDefaults.flavor","consts.ts tests","",""
"","0","ensureLeadingSlash('/hello') should return '/hello'","@studiocms/devapps Package Tests","Tue Jan 06 05:24:22 UTC 2026","passed","Tue Jan 06 05:24:22 UTC 2026","ensureLeadingSlash Tests","pathGenerator Utility Function Tests","",""
"","0","Utility - dedent correctly dedents input","@withstudiocms/component-registry Package Tests","Tue Jan 06 05:24:04 UTC 2026","passed","Tue Jan 06 05:24:04 UTC 2026","dedent Tests","Utility Tests","",""
"","3","Plugin Hooks - Validates hook definitions","@studiocms/markdoc Package Tests","Tue Jan 06 05:24:41 UTC 2026","passed","Tue Jan 06 05:24:41 UTC 2026","Plugin Hooks Tests","studiocmsMarkDoc Plugin Tests","",""
"","0","ensureHtmlExtension adds .html if missing","@withstudiocms/internal_helpers Package Tests","Tue Jan 06 05:24:10 UTC 2026","passed","Tue Jan 06 05:24:10 UTC 2026","ensureHtmlExtension adds .html if missing","Path Generators Tests","",""
"","3","getUrlParam should throw AstroError for malformed URL","studiocms Package Tests","Tue Jan 06 05:24:35 UTC 2026","passed","Tue Jan 06 05:24:35 UTC 2026","getUrlParam tests","oAuthUtils tests","",""
"","2","makeFallbackSiteConfig returns valid config","studiocms Package Tests","Tue Jan 06 05:24:18 UTC 2026","passed","Tue Jan 06 05:24:18 UTC 2026","makeFallbackSiteConfig tests","Middleware Utils tests","",""
"throws error if comp is undefined","2","rendererComponentFilter - throws error if comp is undefined","@withstudiocms/internal_helpers Package Tests","Tue Jan 06 05:24:00 UTC 2026","passed","Tue Jan 06 05:24:00 UTC 2026","rendererComponentFilter - throws error if comp is undefined","Utility Functions","",""
"","1","SiteSettings - should validate complete site settings data","@studiocms/devapps Package Tests","Tue Jan 06 05:24:00 UTC 2026","passed","Tue Jan 06 05:24:00 UTC 2026","SiteSettings Schema Tests","WordPress API Schema Tests","",""
"","10","ComponentRegistry - validateProps - unregistered component","@withstudiocms/component-registry Package Tests","Tue Jan 06 05:24:01 UTC 2026","passed","Tue Jan 06 05:24:01 UTC 2026","validateProps Tests","Component Registry Tests","",""
"","0","stripLeadingSlash('') should return ''","@studiocms/devapps Package Tests","Tue Jan 06 05:24:22 UTC 2026","passed","Tue Jan 06 05:24:22 UTC 2026","stripLeadingSlash Tests","pathGenerator Utility Function Tests","",""
"","1","StudioCMSRoutes.mainLinks.unverifiedEmail should be defined","studiocms Package Tests","Tue Jan 06 05:24:28 UTC 2026","passed","Tue Jan 06 05:24:28 UTC 2026","StudioCMSRoutes.mainLinks.unverifiedEmail test","Route Map Virtual tests","",""
"","1","Should handle StudioCMS flavor with 'github' callout theme","@studiocms/md Package Tests","Tue Jan 06 05:24:14 UTC 2026","passed","Tue Jan 06 05:24:14 UTC 2026","Plugin Creation Tests","studiocmsMD Plugin Tests","",""
"","0","Utility - getIndent returns """" for input """"","@withstudiocms/component-registry Package Tests","Tue Jan 06 05:24:04 UTC 2026","passed","Tue Jan 06 05:24:04 UTC 2026","getIndent Tests","Utility Tests","",""
"","0","parse Invalid Test Case #3","@studiocms/wysiwyg Package Tests","Tue Jan 06 05:24:37 UTC 2026","passed","Tue Jan 06 05:24:37 UTC 2026","parse Function Invalid Input Tests","Utils Tests","",""
"","18","Buildkit CLI - Dev command sets up watch","@withstudiocms/buildkit Package Tests","Tue Jan 06 05:24:21 UTC 2026","passed","Tue Jan 06 05:24:21 UTC 2026","Buildkit CLI - Dev command sets up watch","CLI Tests","",""
"","0","decode - input: foo &amp; bar","@withstudiocms/component-registry Package Tests","Tue Jan 06 05:24:56 UTC 2026","passed","Tue Jan 06 05:24:56 UTC 2026","decode Tests","Component Proxy Tests","",""
"","0","trimInput('undefined') should return 'undefined'","@studiocms/blog Package Tests","Tue Jan 06 05:24:37 UTC 2026","passed","Tue Jan 06 05:24:37 UTC 2026","trimInput Tests","Component Helper Tests","",""
"","1","TemplateRenderer - Should allow updating options","@withstudiocms/template-lang Package Tests","Tue Jan 06 05:23:59 UTC 2026","passed","Tue Jan 06 05:23:59 UTC 2026","TemplateRenderer - Should allow updating options","TemplateRenderer Tests","",""
"","302","Virtual Components Container tests - CustomImage component","studiocms Package Tests","Tue Jan 06 05:24:56 UTC 2026","passed","Tue Jan 06 05:24:57 UTC 2026","Virtual Components Container tests - CustomImage component","Virtual Components Container tests","",""
"","0","Utility - convertUnderscoresToHyphens converts ""hello__world"" to ""hello--world""","@withstudiocms/component-registry Package Tests","Tue Jan 06 05:24:04 UTC 2026","passed","Tue Jan 06 05:24:04 UTC 2026","convertUnderscoresToHyphens Tests","Utility Tests","",""
"","1","should handle special characters in image source","@studiocms/cloudinary-image-service Package Tests","Tue Jan 06 05:24:02 UTC 2026","passed","Tue Jan 06 05:24:02 UTC 2026","Image URL Generation Tests","Cloudinary Image Service - Image URL Generation Tests","",""
"","1","should transform serverUiTranslations to clientUiTranslations","studiocms Package Tests","Tue Jan 06 05:24:43 UTC 2026","passed","Tue Jan 06 05:24:43 UTC 2026","clientUiTranslations tests","i18n Config tests","",""
"","0","Libravatar Utils - composeAvatarUrl with delegationServer=""null"" and https=true","@withstudiocms/auth-kit Package Tests","Tue Jan 06 05:24:12 UTC 2026","passed","Tue Jan 06 05:24:12 UTC 2026","composeAvatarUrl Tests","Libravatar Utility Tests","",""
"","0","stripLeadingAndTrailingSlashes removes both","@withstudiocms/internal_helpers Package Tests","Tue Jan 06 05:24:10 UTC 2026","passed","Tue Jan 06 05:24:10 UTC 2026","stripLeadingAndTrailingSlashes removes both","Path Generators Tests","",""
"","0","stripTrailingSlash('hello/') should return 'hello'","@studiocms/devapps Package Tests","Tue Jan 06 05:24:22 UTC 2026","passed","Tue Jan 06 05:24:22 UTC 2026","stripTrailingSlash Tests","pathGenerator Utility Function Tests","",""
"","2","should throw StudioCMSCoreError for unsupported favicon extension","studiocms Package Tests","Tue Jan 06 05:24:33 UTC 2026","passed","Tue Jan 06 05:24:33 UTC 2026","headDefaults test","Head Defaults Virtual tests","",""
"","1","SafePluginListItemSchema test case #1","studiocms Package Tests","Tue Jan 06 05:24:26 UTC 2026","passed","Tue Jan 06 05:24:26 UTC 2026","SafePluginListItemSchema tests","Plugins Schemas tests","",""
"","1","StatusSchema should reject invalid value: ""undefined""","@studiocms/devapps Package Tests","Tue Jan 06 05:24:00 UTC 2026","passed","Tue Jan 06 05:24:00 UTC 2026","StatusSchema Tests","WordPress API Schema Tests","",""
"","0","stripHtmlExtension removes .html extension","@withstudiocms/internal_helpers Package Tests","Tue Jan 06 05:24:10 UTC 2026","passed","Tue Jan 06 05:24:10 UTC 2026","stripHtmlExtension removes .html extension","Path Generators Tests","",""
"","2","defineStudioCMSConfig should infer the correct type","studiocms Package Tests","Tue Jan 06 05:24:53 UTC 2026","passed","Tue Jan 06 05:24:53 UTC 2026","defineStudioCMSConfig tests","config.ts tests","",""
"","2","baseServerTranslations has property @studiocms/auth:login.title","studiocms Package Tests","Tue Jan 06 05:24:43 UTC 2026","passed","Tue Jan 06 05:24:43 UTC 2026","baseServerTranslations tests","i18n Config tests","",""
"","1","toUpperKeyword correctly uppercases SQL keyword ""from""","@withstudiocms/kysely Package Tests","Tue Jan 06 05:24:16 UTC 2026","passed","Tue Jan 06 05:24:16 UTC 2026","toUpperKeyword Utility","Trigger Utilities","",""
"","6","makeTranslation - updates text content when translation changes","studiocms Package Tests","Tue Jan 06 05:25:05 UTC 2026","passed","Tue Jan 06 05:25:05 UTC 2026","makeTranslation tests","i18n Client Virtuals tests","",""
"","1","Zod Utils - deepRemoveDefaults Tests","@withstudiocms/config-utils Package Tests","Tue Jan 06 05:24:28 UTC 2026","passed","Tue Jan 06 05:24:28 UTC 2026","deepRemoveDefaults Test Set","Zod Utility Tests","",""
"returns empty string for empty input","0","convertToSafeString - returns empty string for empty input","@withstudiocms/internal_helpers Package Tests","Tue Jan 06 05:24:00 UTC 2026","passed","Tue Jan 06 05:24:00 UTC 2026","convertToSafeString - returns empty string for empty input","Utility Functions","",""
"","2","verifyUserPermissionLevel('admin', 'admin') should return true","studiocms Package Tests","Tue Jan 06 05:25:05 UTC 2026","passed","Tue Jan 06 05:25:05 UTC 2026","verifyUserPermissionLevel('admin', 'admin') should return true","UserQuickTools Virtual Script tests","",""
"","1","getLangFromUrl extracts correct language from URL ""http://localhost/en/dashboard""","studiocms Package Tests","Tue Jan 06 05:24:26 UTC 2026","passed","Tue Jan 06 05:24:26 UTC 2026","getLangFromUrl tests","i18n Server Virtuals tests","",""
"","1","StudioCMSCoreError should create an error with the correct properties","studiocms Package Tests","Tue Jan 06 05:24:50 UTC 2026","passed","Tue Jan 06 05:24:50 UTC 2026","StudioCMSCoreError tests","StudioCMS Error tests","",""
"","4","getHookResults runs astro:config hook correctly","studiocms Package Tests","Tue Jan 06 05:24:17 UTC 2026","passed","Tue Jan 06 05:24:17 UTC 2026","getHookResults runs astro:config hook correctly","StudioCMSPluginTester tests","",""
"","1","Page - should reject page data with missing required fields","@studiocms/devapps Package Tests","Tue Jan 06 05:24:00 UTC 2026","passed","Tue Jan 06 05:24:00 UTC 2026","Page Schema Tests","WordPress API Schema Tests","",""
"","4","Components Container tests - PageHeader with badge and icon component","studiocms Package Tests","Tue Jan 06 05:24:41 UTC 2026","passed","Tue Jan 06 05:24:41 UTC 2026","Components Container tests - PageHeader with badge and icon component","Components Container tests","",""
"","1","resolveBuiltIns test case #8","studiocms Package Tests","Tue Jan 06 05:24:50 UTC 2026","passed","Tue Jan 06 05:24:50 UTC 2026","resolveBuiltIns tests","Integrations tests (Node Namespace Built-ins)","",""
"","1","validImage ""studiocms-curves"" should have non-null light and dark properties","studiocms Package Tests","Tue Jan 06 05:24:49 UTC 2026","passed","Tue Jan 06 05:24:49 UTC 2026","validImages local image light/dark tests","validImages Virtual tests","",""
"","4","calls fetch with correct arguments and shows success toast on login","studiocms Package Tests","Tue Jan 06 05:25:05 UTC 2026","passed","Tue Jan 06 05:25:05 UTC 2026","formListener login success test","Form Listener tests","",""
"","1","validateHost passes for valid host: sub.domain.co.uk","studiocms Package Tests","Tue Jan 06 05:24:09 UTC 2026","passed","Tue Jan 06 05:24:09 UTC 2026","validateHost valid host tests","Robots Core Utils","",""
"","3","API Route - createEffectAPIRoute","@withstudiocms/effect Package Tests","Tue Jan 06 05:24:03 UTC 2026","passed","Tue Jan 06 05:24:03 UTC 2026","createEffectAPIRoute Tests","API Route Helpers Tests","",""
"","0","should handle multiple parent directory navigation","@withstudiocms/internal_helpers Package Tests","Tue Jan 06 05:24:10 UTC 2026","passed","Tue Jan 06 05:24:10 UTC 2026","should handle multiple parent directory navigation","Path Resolver Tests","",""
"","0","Utility - convertUnderscoresToHyphens converts ""_hello_world_"" to ""-hello-world-""","@withstudiocms/component-registry Package Tests","Tue Jan 06 05:24:04 UTC 2026","passed","Tue Jan 06 05:24:04 UTC 2026","convertUnderscoresToHyphens Tests","Utility Tests","",""
"","2","StudioCMSOptionsSchema invalid data test case #1","studiocms Package Tests","Tue Jan 06 05:24:32 UTC 2026","passed","Tue Jan 06 05:24:32 UTC 2026","StudioCMSOptionsSchema tests","Config Schemas tests (Index)","",""
"","1","StudioCMSRoutes.authLinks.logoutAPI should be defined","studiocms Package Tests","Tue Jan 06 05:24:28 UTC 2026","passed","Tue Jan 06 05:24:28 UTC 2026","StudioCMSRoutes.authLinks.logoutAPI test","Route Map Virtual tests","",""
"","0","createURLGenFactory - Non-dashboard route with override","@withstudiocms/internal_helpers Package Tests","Tue Jan 06 05:24:46 UTC 2026","passed","Tue Jan 06 05:24:46 UTC 2026","createURLGenFactory - Non-dashboard route with override","createURLGenFactory Tests","",""
"","0","Default Values Test #1","@studiocms/html Package Tests","Tue Jan 06 05:24:47 UTC 2026","passed","Tue Jan 06 05:24:47 UTC 2026","Default Values Tests","HTMLSchema Type Tests","",""
"","9","ComponentRegistry - validateProps - unknown props","@withstudiocms/component-registry Package Tests","Tue Jan 06 05:24:01 UTC 2026","passed","Tue Jan 06 05:24:01 UTC 2026","validateProps Tests","Component Registry Tests","",""
"","1","Context Utils - parseFormDataEntryToString","@withstudiocms/effect Package Tests","Tue Jan 06 05:24:13 UTC 2026","passed","Tue Jan 06 05:24:13 UTC 2026","parseFormDataEntryToString Tests","Context Utils Tests","",""
"","0","stripTrailingSlash removes trailing slash","@withstudiocms/internal_helpers Package Tests","Tue Jan 06 05:24:10 UTC 2026","passed","Tue Jan 06 05:24:10 UTC 2026","stripTrailingSlash removes trailing slash","Path Generators Tests","",""
"","2","getLatestVersion - Fetches latest version and returns it","@withstudiocms/internal_helpers Package Tests","Tue Jan 06 05:23:58 UTC 2026","passed","Tue Jan 06 05:23:58 UTC 2026","getLatestVersion - Fetches latest version and returns it","Astro Integration Utility Tests","",""
"","1","should have correct type and default for favicon","@studiocms/blog Package Tests","Tue Jan 06 05:24:21 UTC 2026","passed","Tue Jan 06 05:24:21 UTC 2026","FrontEndConfigSchema Tests","Type Definitions Tests","",""
"","16","Layout Container tests - AuthLayout component","studiocms Package Tests","Tue Jan 06 05:25:00 UTC 2026","passed","Tue Jan 06 05:25:00 UTC 2026","Layout Container tests - AuthLayout component","Layout Container tests","",""
"","1","StudioCMSRoutes.mainLinks.siteConfiguration should be defined","studiocms Package Tests","Tue Jan 06 05:24:27 UTC 2026","passed","Tue Jan 06 05:24:27 UTC 2026","StudioCMSRoutes.mainLinks.siteConfiguration test","Route Map Virtual tests","",""
"","1","validImage ""studiocms-blobs"" should have non-null light and dark properties","studiocms Package Tests","Tue Jan 06 05:24:49 UTC 2026","passed","Tue Jan 06 05:24:49 UTC 2026","validImages local image light/dark tests","validImages Virtual tests","",""
"","3","CacheConfigSchema test case #2","studiocms Package Tests","Tue Jan 06 05:24:22 UTC 2026","passed","Tue Jan 06 05:24:22 UTC 2026","CacheConfigSchema tests","Config Schemas tests (SDK)","",""
"","0","CheckIfUnsafe.username - should return false for username ""not_reserved_user""","@withstudiocms/auth-kit Package Tests","Tue Jan 06 05:24:58 UTC 2026","passed","Tue Jan 06 05:24:58 UTC 2026","CheckIfUnsafe.username Tests","CheckIfUnsafe Tests","",""
"","2","dashboardConfigSchema optional test case #2","studiocms Package Tests","Tue Jan 06 05:24:48 UTC 2026","passed","Tue Jan 06 05:24:48 UTC 2026","dashboardConfigSchema tests","Config Schemas tests (Dashboard)","",""
"","2","Response Helpers - createHtmlResponse","@withstudiocms/effect Package Tests","Tue Jan 06 05:24:09 UTC 2026","passed","Tue Jan 06 05:24:09 UTC 2026","createHtmlResponse Tests","Response Helpers Tests","",""
"","109","Scrypt - Service Tests - Should handle buffer and Uint8Array inputs","@withstudiocms/effect Package Tests","Tue Jan 06 05:24:01 UTC 2026","passed","Tue Jan 06 05:24:01 UTC 2026","ScryptService Tests","Scrypt Service Tests","",""
"","1","User Module - doesUserExistByEmail Tests","@withstudiocms/auth-kit Package Tests","Tue Jan 06 05:24:05 UTC 2026","passed","Tue Jan 06 05:24:05 UTC 2026","doesUserExistByEmail Tests","User Module Tests","",""
"","0","decodeCodePoint with input: 8364 (Deprecated)","@withstudiocms/component-registry Package Tests","Tue Jan 06 05:24:48 UTC 2026","passed","Tue Jan 06 05:24:48 UTC 2026","decodeCodePoint Tests (Deprecated)","Component Proxy Tests","",""
"","30","ComponentRegistry - getComponentProps - registered component","@withstudiocms/component-registry Package Tests","Tue Jan 06 05:24:01 UTC 2026","passed","Tue Jan 06 05:24:01 UTC 2026","getComponentProps Tests","Component Registry Tests","",""
"","1","PropsParser - extractPropsFromAstroFile - extract Props interface from Astro File","@withstudiocms/component-registry Package Tests","Tue Jan 06 05:24:32 UTC 2026","passed","Tue Jan 06 05:24:32 UTC 2026","extractPropsFromAstroFile Tests","Props Parser Tests","",""
"","2","Password Utility - breakSecurePassword parses correct format","@withstudiocms/auth-kit Package Tests","Tue Jan 06 05:24:25 UTC 2026","passed","Tue Jan 06 05:24:25 UTC 2026","breakSecurePassword Tests","Password Utility Tests","",""
"throws on unknown semver category","3","loadChangelog - throws on unknown semver category","@withstudiocms/internal_helpers Package Tests","Tue Jan 06 05:24:00 UTC 2026","passed","Tue Jan 06 05:24:00 UTC 2026","loadChangelog - throws on unknown semver category","Utility Functions","",""
"","1","makePublicRoute('foo/bar?baz=qux') should return 'public/studiocms-resources/foo/bar?baz=qux/'","studiocms Package Tests","Tue Jan 06 05:25:02 UTC 2026","passed","Tue Jan 06 05:25:02 UTC 2026","makePublicRoute test","Make Public Route Virtual tests","",""
"","0","Const: StudioCMSMarkdownDefaults.callouts","studiocms Package Tests","Tue Jan 06 05:24:11 UTC 2026","passed","Tue Jan 06 05:24:11 UTC 2026","Const: StudioCMSMarkdownDefaults.callouts","consts.ts tests","",""
"","5","sitemap-index.xml GET returns correct XML response with dynamic URLs","studiocms Package Tests","Tue Jan 06 05:24:25 UTC 2026","passed","Tue Jan 06 05:24:25 UTC 2026","GET tests","Dynamic Sitemap - sitemap-index.xml","",""
"","3","Components Container tests - StudioCMSLogoSVG component","studiocms Package Tests","Tue Jan 06 05:24:41 UTC 2026","passed","Tue Jan 06 05:24:41 UTC 2026","Components Container tests - StudioCMSLogoSVG component","Components Container tests","",""
"","1","SafePluginListSchema test case #1","studiocms Package Tests","Tue Jan 06 05:24:26 UTC 2026","passed","Tue Jan 06 05:24:26 UTC 2026","SafePluginListSchema tests","Plugins Schemas tests","",""
"","1","StudioCMSRoutes.authLinks.oAuthIndex should be defined","studiocms Package Tests","Tue Jan 06 05:24:28 UTC 2026","passed","Tue Jan 06 05:24:28 UTC 2026","StudioCMSRoutes.authLinks.oAuthIndex test","Route Map Virtual tests","",""
"","1","pathGenerator('/api', 'https://example.com') should create correct path builder","@studiocms/devapps Package Tests","Tue Jan 06 05:24:22 UTC 2026","passed","Tue Jan 06 05:24:22 UTC 2026","pathGenerator Tests","pathGenerator Utility Function Tests","",""
"","1","Zod Utils - parseConfig Test","@withstudiocms/config-utils Package Tests","Tue Jan 06 05:24:28 UTC 2026","passed","Tue Jan 06 05:24:28 UTC 2026","parseConfig Tests","Zod Utility Tests","",""
"","1","Generated columns are marked correctly","@withstudiocms/kysely Package Tests","Tue Jan 06 05:24:46 UTC 2026","passed","Tue Jan 06 05:24:46 UTC 2026","Generated Columns","Schema Definitions","",""
"","0","fileWithBase - Strips leading slash and prepends one","@withstudiocms/internal_helpers Package Tests","Tue Jan 06 05:24:10 UTC 2026","passed","Tue Jan 06 05:24:10 UTC 2026","fileWithBase - Strips leading slash and prepends one","Path Generators Tests","",""
"","0","TransformHTML Test Case","@withstudiocms/component-registry Package Tests","Tue Jan 06 05:24:20 UTC 2026","passed","Tue Jan 06 05:24:20 UTC 2026","transformHTML Tests","TransformHTML Tests","",""
"","1","Tag - should validate complete tag data","@studiocms/devapps Package Tests","Tue Jan 06 05:24:00 UTC 2026","passed","Tue Jan 06 05:24:00 UTC 2026","Tag Schema Tests","WordPress API Schema Tests","",""
"","1","StudioCMSRoutes.mainLinks.contentManagementEdit should be defined","studiocms Package Tests","Tue Jan 06 05:24:27 UTC 2026","passed","Tue Jan 06 05:24:27 UTC 2026","StudioCMSRoutes.mainLinks.contentManagementEdit test","Route Map Virtual tests","",""
"","1","sitemap-index.xml template generates correct XML for a single entry","studiocms Package Tests","Tue Jan 06 05:24:25 UTC 2026","passed","Tue Jan 06 05:24:25 UTC 2026","template tests","Dynamic Sitemap - sitemap-index.xml","",""
"","0","NumberArray should validate input: []","@studiocms/devapps Package Tests","Tue Jan 06 05:24:00 UTC 2026","passed","Tue Jan 06 05:24:00 UTC 2026","NumberArray Tests","WordPress API Schema Tests","",""
"","1","makeDashboardRoute - should return correct route","studiocms Package Tests","Tue Jan 06 05:24:27 UTC 2026","passed","Tue Jan 06 05:24:27 UTC 2026","makeDashboardRoute test","Route Map Virtual tests","",""
"","2","Encryption Module - decryptToString throws DecryptionError on invalid data","@withstudiocms/auth-kit Package Tests","Tue Jan 06 05:24:36 UTC 2026","passed","Tue Jan 06 05:24:36 UTC 2026","decryptToString Error Handling Tests","Encryption Module Tests","",""
"","2","StudioCMSError should create an error with the correct properties","studiocms Package Tests","Tue Jan 06 05:24:50 UTC 2026","passed","Tue Jan 06 05:24:50 UTC 2026","StudioCMSError tests","StudioCMS Error tests","",""
"","0","MetaDataSchema should validate input: []","@studiocms/devapps Package Tests","Tue Jan 06 05:24:00 UTC 2026","passed","Tue Jan 06 05:24:00 UTC 2026","MetaDataSchema Tests","WordPress API Schema Tests","",""
"","4","createComponentProxy with input: {}","@withstudiocms/component-registry Package Tests","Tue Jan 06 05:24:24 UTC 2026","passed","Tue Jan 06 05:24:24 UTC 2026","createComponentProxy Tests","Component Proxy Tests","",""
"","1","generateHostContent throws for host as number","studiocms Package Tests","Tue Jan 06 05:24:09 UTC 2026","passed","Tue Jan 06 05:24:09 UTC 2026","generateHostContent error handling test","Robots Core Utils","",""
"","5","Components Container tests - Code component","studiocms Package Tests","Tue Jan 06 05:24:41 UTC 2026","passed","Tue Jan 06 05:24:41 UTC 2026","Components Container tests - Code component","Components Container tests","",""
"","4","Password Utility - constantTimeEqual - should return true for inputs ""abc"" and ""abc""","@withstudiocms/auth-kit Package Tests","Tue Jan 06 05:24:25 UTC 2026","passed","Tue Jan 06 05:24:25 UTC 2026","constantTimeEqual Tests","Password Utility Tests","",""
"","5","getFileSizeInKilobytes returns correct size","studiocms Package Tests","Tue Jan 06 05:24:45 UTC 2026","passed","Tue Jan 06 05:24:45 UTC 2026","getFileSizeInKilobytes test","Robots Utils","",""
"","0","firstUpperCase('ñandú') should return 'Ñandú'","@studiocms/wysiwyg Package Tests","Tue Jan 06 05:24:37 UTC 2026","passed","Tue Jan 06 05:24:37 UTC 2026","firstUpperCase Function Tests","Utils Tests","",""
"","0","createURLGenFactory - Non-dashboard route with path","@withstudiocms/internal_helpers Package Tests","Tue Jan 06 05:24:46 UTC 2026","passed","Tue Jan 06 05:24:46 UTC 2026","createURLGenFactory - Non-dashboard route with path","createURLGenFactory Tests","",""
"","0","StatusSchema should validate value: ""pending""","@studiocms/devapps Package Tests","Tue Jan 06 05:24:00 UTC 2026","passed","Tue Jan 06 05:24:00 UTC 2026","StatusSchema Tests","WordPress API Schema Tests","",""
"","1","getLatestVersion - Returns cached version if dev mode and cache is fresh","@withstudiocms/internal_helpers Package Tests","Tue Jan 06 05:23:58 UTC 2026","passed","Tue Jan 06 05:23:58 UTC 2026","getLatestVersion - Returns cached version if dev mode and cache is fresh","Astro Integration Utility Tests","",""
"","2","Libravatar Utils - srvHostname with 2 records","@withstudiocms/auth-kit Package Tests","Tue Jan 06 05:24:12 UTC 2026","passed","Tue Jan 06 05:24:12 UTC 2026","srvHostname Tests","Libravatar Utility Tests","",""
"","0","Utility - round-trip conversion of ""hello_world_test"" toHyphens","@withstudiocms/component-registry Package Tests","Tue Jan 06 05:24:04 UTC 2026","passed","Tue Jan 06 05:24:04 UTC 2026","Round-Trip Conversion Tests","Utility Tests","",""
"","0","Middleware - sortByPriority","@withstudiocms/effect Package Tests","Tue Jan 06 05:24:21 UTC 2026","passed","Tue Jan 06 05:24:21 UTC 2026","sortByPriority Tests","Middleware Utility Tests","",""
"","1","buildLoggerVirtual - should inject verbose flag into logger stub","studiocms Package Tests","Tue Jan 06 05:24:17 UTC 2026","passed","Tue Jan 06 05:24:17 UTC 2026","buildLoggerVirtual test","Virtual Module Utils tests","",""
"","3","cloudinaryImageService - should create plugin with correct configuration","@studiocms/cloudinary-image-service Package Tests","Tue Jan 06 05:24:15 UTC 2026","passed","Tue Jan 06 05:24:15 UTC 2026","Plugin Creation Tests","Cloudinary Image Service Plugin Tests","",""
"","1","should create integration with custom options","@studiocms/devapps Package Tests","Tue Jan 06 05:24:51 UTC 2026","passed","Tue Jan 06 05:24:51 UTC 2026","Integration Creation Tests","StudioCMS DevApps Integration Tests","",""
"","0","fromCodePoint with input: 128512","@withstudiocms/component-registry Package Tests","Tue Jan 06 05:24:48 UTC 2026","passed","Tue Jan 06 05:24:48 UTC 2026","fromCodePoint Tests","Component Proxy Tests","",""
"","5","parses markdown input correctly","studiocms Package Tests","Tue Jan 06 05:24:58 UTC 2026","passed","Tue Jan 06 05:24:58 UTC 2026","parses markdown input correctly","tinyMDParser Utility tests","",""
"","1","User Module - getUserPermissionLevel returns correct enum","@withstudiocms/auth-kit Package Tests","Tue Jan 06 05:24:05 UTC 2026","passed","Tue Jan 06 05:24:05 UTC 2026","getUserPermissionLevel Tests","User Module Tests","",""
"","0","ensureLeadingSlash('') should return '/'","@studiocms/devapps Package Tests","Tue Jan 06 05:24:22 UTC 2026","passed","Tue Jan 06 05:24:22 UTC 2026","ensureLeadingSlash Tests","pathGenerator Utility Function Tests","",""
"","0","Errors - prefixError - Should preserve stack and cause if possible","@withstudiocms/component-registry Package Tests","Tue Jan 06 05:24:20 UTC 2026","passed","Tue Jan 06 05:24:20 UTC 2026","prefixError Tests","Error Tests","",""
"","4","updateElmLabel updates label for ""bar"" correctly","studiocms Package Tests","Tue Jan 06 05:25:05 UTC 2026","passed","Tue Jan 06 05:25:05 UTC 2026","updateElmLabel tests","i18n Client Virtuals tests","",""
"","0","Password Utility - constantTimeEqual - should return false for inputs ""abc"" and ""def""","@withstudiocms/auth-kit Package Tests","Tue Jan 06 05:24:25 UTC 2026","passed","Tue Jan 06 05:24:25 UTC 2026","constantTimeEqual Tests","Password Utility Tests","",""
"","3","should include base remark and rehype plugins","@studiocms/mdx Package Tests","Tue Jan 06 05:24:07 UTC 2026","passed","Tue Jan 06 05:24:07 UTC 2026","MDX Rendering Tests","renderMDX Function Tests","",""
"","1","TransformHTML Sanitization Test Case","@withstudiocms/component-registry Package Tests","Tue Jan 06 05:24:20 UTC 2026","passed","Tue Jan 06 05:24:20 UTC 2026","transformHTML Sanitization Tests","TransformHTML Tests","",""
"","11","updateElmLabel updates label for ""foo"" correctly","studiocms Package Tests","Tue Jan 06 05:25:05 UTC 2026","passed","Tue Jan 06 05:25:05 UTC 2026","updateElmLabel tests","i18n Client Virtuals tests","",""
"","0","TransformHTML Test Case","@withstudiocms/component-registry Package Tests","Tue Jan 06 05:24:20 UTC 2026","passed","Tue Jan 06 05:24:20 UTC 2026","transformHTML Tests","TransformHTML Tests","",""
"","0","AppsConfigSchema should parse config: {""wpImporter"":true}","@studiocms/devapps Package Tests","Tue Jan 06 05:24:29 UTC 2026","passed","Tue Jan 06 05:24:29 UTC 2026","AppsConfigSchema Tests","Schema Validation Tests","",""
"","0","AppsConfigSchema should parse config: {""wpImporter"":{""endpoint"":""https://example.com/wp-json/wp/v2""}}","@studiocms/devapps Package Tests","Tue Jan 06 05:24:29 UTC 2026","passed","Tue Jan 06 05:24:29 UTC 2026","AppsConfigSchema Tests","Schema Validation Tests","",""
"","5","Const: CMSSiteConfigId","studiocms Package Tests","Tue Jan 06 05:24:11 UTC 2026","passed","Tue Jan 06 05:24:11 UTC 2026","Const: CMSSiteConfigId","consts.ts tests","",""
"","1","Schema Invalid Input Test #1","@studiocms/html Package Tests","Tue Jan 06 05:24:47 UTC 2026","passed","Tue Jan 06 05:24:47 UTC 2026","Schema Invalid Input Tests","HTMLSchema Type Tests","",""
"","0","RawPageData - should validate all required fields are present","@studiocms/devapps Package Tests","Tue Jan 06 05:24:06 UTC 2026","passed","Tue Jan 06 05:24:06 UTC 2026","RawPageData Tests","WordPress API Config Tests","",""
"","1","StatusSchema should reject invalid value: ""null""","@studiocms/devapps Package Tests","Tue Jan 06 05:24:00 UTC 2026","passed","Tue Jan 06 05:24:00 UTC 2026","StatusSchema Tests","WordPress API Schema Tests","",""
"","0","should have correct type and default for blog.route","@studiocms/blog Package Tests","Tue Jan 06 05:24:21 UTC 2026","passed","Tue Jan 06 05:24:21 UTC 2026","FrontEndConfigSchema Tests","Type Definitions Tests","",""
"","1","decodeHTML with input: A&#65;B","@withstudiocms/component-registry Package Tests","Tue Jan 06 05:24:15 UTC 2026","passed","Tue Jan 06 05:24:15 UTC 2026","decodeHTML Tests","Component Proxy Tests","",""
"","0","pathWithBase('', 'https://example.com') should return 'https://example.com/'","@studiocms/devapps Package Tests","Tue Jan 06 05:24:22 UTC 2026","passed","Tue Jan 06 05:24:22 UTC 2026","pathWithBase Tests","pathGenerator Utility Function Tests","",""
"","0","Utility - getIndent returns "" 	 "" for input "" 	 hello world""","@withstudiocms/component-registry Package Tests","Tue Jan 06 05:24:04 UTC 2026","passed","Tue Jan 06 05:24:04 UTC 2026","getIndent Tests","Utility Tests","",""
"","1","should resolveURL to return a file:// URL","@withstudiocms/internal_helpers Package Tests","Tue Jan 06 05:24:10 UTC 2026","passed","Tue Jan 06 05:24:10 UTC 2026","should resolveURL to return a file:// URL","Path Resolver Tests","",""
"","32","Components Container tests - ThemeManager component","studiocms Package Tests","Tue Jan 06 05:24:41 UTC 2026","passed","Tue Jan 06 05:24:41 UTC 2026","Components Container tests - ThemeManager component","Components Container tests","",""
"","5","HeadConfigSchema - Validates correct config","@withstudiocms/internal_helpers Package Tests","Tue Jan 06 05:24:07 UTC 2026","passed","Tue Jan 06 05:24:07 UTC 2026","HeadConfigSchema - Validates correct config","HeadConfigSchema Tests","",""
"","5","Errors - ComponentProxyError - Basic Properties","@withstudiocms/component-registry Package Tests","Tue Jan 06 05:24:20 UTC 2026","passed","Tue Jan 06 05:24:20 UTC 2026","ComponentProxyError Tests","Error Tests","",""
"","2","should accept valid favicon extension: /favicon.ico","@studiocms/blog Package Tests","Tue Jan 06 05:24:21 UTC 2026","passed","Tue Jan 06 05:24:21 UTC 2026","FrontEndConfigSchema Favicon Tests","Type Definitions Tests","",""
"","0","TemplateRenderer - Boolean conversion to string","@withstudiocms/template-lang Package Tests","Tue Jan 06 05:23:59 UTC 2026","passed","Tue Jan 06 05:23:59 UTC 2026","TemplateRenderer - Boolean conversion to string","TemplateRenderer Tests","",""
"","1","Response Helpers - createRedirectResponse","@withstudiocms/effect Package Tests","Tue Jan 06 05:24:09 UTC 2026","passed","Tue Jan 06 05:24:09 UTC 2026","createRedirectResponse Tests","Response Helpers Tests","",""
"","1","Session Module - invalidateSession calls deleteSession","@withstudiocms/auth-kit Package Tests","Tue Jan 06 05:24:13 UTC 2026","passed","Tue Jan 06 05:24:13 UTC 2026","invalidateSession Tests","Session Module Tests","",""
"","0","Libravatar Utils - sanitizedTarget","@withstudiocms/auth-kit Package Tests","Tue Jan 06 05:24:12 UTC 2026","passed","Tue Jan 06 05:24:12 UTC 2026","sanitizedTarget Tests","Libravatar Utility Tests","",""
"","2","remapFilterSitemap should correctly map and filter sitemap entries","@studiocms/blog Package Tests","Tue Jan 06 05:24:40 UTC 2026","passed","Tue Jan 06 05:24:40 UTC 2026","remapFilterSitemap Tests","remapFilter Utility Tests","",""
"","8","Virtual Components Container tests - Renderer component","studiocms Package Tests","Tue Jan 06 05:24:57 UTC 2026","passed","Tue Jan 06 05:24:57 UTC 2026","Virtual Components Container tests - Renderer component","Virtual Components Container tests","",""
"","1","should handle edge case dimensions: width=10000, height=10000","@studiocms/cloudinary-image-service Package Tests","Tue Jan 06 05:24:02 UTC 2026","passed","Tue Jan 06 05:24:02 UTC 2026","Image URL Generation Tests","Cloudinary Image Service - Image URL Generation Tests","",""
"","1","safeString test case #6","studiocms Package Tests","Tue Jan 06 05:24:57 UTC 2026","passed","Tue Jan 06 05:24:57 UTC 2026","safeString tests","Dynamic Sitemap Integration and Utils","",""
"replaces non-alphanumeric with underscores and lowercases","1","convertToSafeString - replaces non-alphanumeric with underscores and lowercases","@withstudiocms/internal_helpers Package Tests","Tue Jan 06 05:24:00 UTC 2026","passed","Tue Jan 06 05:24:00 UTC 2026","convertToSafeString - replaces non-alphanumeric with underscores and lowercases","Utility Functions","",""
"","0","Const: GhostUserDefaults.avatar","studiocms Package Tests","Tue Jan 06 05:24:11 UTC 2026","passed","Tue Jan 06 05:24:11 UTC 2026","Const: GhostUserDefaults.avatar","consts.ts tests","",""
"","0","firstUpperCase('z') should return 'Z'","@studiocms/wysiwyg Package Tests","Tue Jan 06 05:24:37 UTC 2026","passed","Tue Jan 06 05:24:37 UTC 2026","firstUpperCase Function Tests","Utils Tests","",""
"","1","restRoute('v1')('users') should return '/studiocms_api/rest/v1/users'","studiocms Package Tests","Tue Jan 06 05:24:33 UTC 2026","passed","Tue Jan 06 05:24:33 UTC 2026","restRoute test","Make API Route Virtual tests","",""
"","0","TemplateEngine - Nested property access","@withstudiocms/template-lang Package Tests","Tue Jan 06 05:23:59 UTC 2026","passed","Tue Jan 06 05:23:59 UTC 2026","TemplateEngine - Nested property access","TemplateEngine Tests","",""
"","0","HeadConfigSchema - Applies defaults","@withstudiocms/internal_helpers Package Tests","Tue Jan 06 05:24:07 UTC 2026","passed","Tue Jan 06 05:24:07 UTC 2026","HeadConfigSchema - Applies defaults","HeadConfigSchema Tests","",""
"","1","TemplateEngine - Should allow updating options after creation","@withstudiocms/template-lang Package Tests","Tue Jan 06 05:23:59 UTC 2026","passed","Tue Jan 06 05:23:59 UTC 2026","TemplateEngine - Should allow updating options after creation","TemplateEngine Tests","",""
"","0","DownloadImageConfig - should ensure config is defined","@studiocms/devapps Package Tests","Tue Jan 06 05:24:06 UTC 2026","passed","Tue Jan 06 05:24:06 UTC 2026","Configuration Validation Tests","WordPress API Config Tests","",""
"","4","StudioCMSRoutes.mainLinks.contentManagementDiff should be defined","studiocms Package Tests","Tue Jan 06 05:24:27 UTC 2026","passed","Tue Jan 06 05:24:27 UTC 2026","StudioCMSRoutes.mainLinks.contentManagementDiff test","Route Map Virtual tests","",""
"","3","StringConfig - should create config with correct structure","@studiocms/devapps Package Tests","Tue Jan 06 05:24:06 UTC 2026","passed","Tue Jan 06 05:24:06 UTC 2026","StringConfig Tests","WordPress API Config Tests","",""
"","17","Components Container tests - FallbackCanvas component","studiocms Package Tests","Tue Jan 06 05:24:41 UTC 2026","passed","Tue Jan 06 05:24:41 UTC 2026","Components Container tests - FallbackCanvas component","Components Container tests","",""
"","7","Config Loader - loadAndBundleConfigFile","@withstudiocms/config-utils Package Tests","Tue Jan 06 05:24:06 UTC 2026","passed","Tue Jan 06 05:24:06 UTC 2026","loadAndBundleConfigFile Tests","Config Loader Tests","",""
"","1","toUpperKeyword correctly uppercases SQL keyword ""join""","@withstudiocms/kysely Package Tests","Tue Jan 06 05:24:16 UTC 2026","passed","Tue Jan 06 05:24:16 UTC 2026","toUpperKeyword Utility","Trigger Utilities","",""
"","4","Components Container tests - PageHeader component","studiocms Package Tests","Tue Jan 06 05:24:41 UTC 2026","passed","Tue Jan 06 05:24:41 UTC 2026","Components Container tests - PageHeader component","Components Container tests","",""
"","0","getHeroImage('', Astro) should return 'https://images.unsplash.com/photo-1707343843982-f8275f3994c5?q=80&w=1032&auto=format&fit=crop&ixlib=rb-4.0.3&ixid=M3wxMjA3fDF8MHxwaG90by1wYWdlfHx8fGVufDB8fHx8fA%3D%3D'","@studiocms/blog Package Tests","Tue Jan 06 05:24:37 UTC 2026","passed","Tue Jan 06 05:24:37 UTC 2026","getHeroImage Tests","Component Helper Tests","",""
"","0","pathWithBase - Strips leading slash and prepends one","@withstudiocms/internal_helpers Package Tests","Tue Jan 06 05:24:10 UTC 2026","passed","Tue Jan 06 05:24:10 UTC 2026","pathWithBase - Strips leading slash and prepends one","Path Generators Tests","",""
"","0","decodeHTML (edge cases) with input:","@withstudiocms/component-registry Package Tests","Tue Jan 06 05:24:15 UTC 2026","passed","Tue Jan 06 05:24:15 UTC 2026","decodeHTML (edge cases) Tests","Component Proxy Tests","",""
"","1","makeAPIRoute('base')('') should return '/studiocms_api/base/'","studiocms Package Tests","Tue Jan 06 05:24:33 UTC 2026","passed","Tue Jan 06 05:24:33 UTC 2026","makeAPIRoute test","Make API Route Virtual tests","",""
"","1","AuthKitOptions - throws if session.expTime is invalid","@withstudiocms/auth-kit Package Tests","Tue Jan 06 05:24:11 UTC 2026","passed","Tue Jan 06 05:24:11 UTC 2026","AuthKitOptions Tests","Config Tests","",""
"","1","getDeleteRoute - should return correct delete route","studiocms Package Tests","Tue Jan 06 05:24:27 UTC 2026","passed","Tue Jan 06 05:24:27 UTC 2026","getDeleteRoute test","Route Map Virtual tests","",""
"","1","validateUrl passes for valid sitemap url: http://example.com/sitemap.xml.gz","studiocms Package Tests","Tue Jan 06 05:24:09 UTC 2026","passed","Tue Jan 06 05:24:09 UTC 2026","validateUrl valid sitemap url tests","Robots Core Utils","",""
"","1","getHeroImage(' hero.png ', Astro) should return 'hero.png'","@studiocms/blog Package Tests","Tue Jan 06 05:24:37 UTC 2026","passed","Tue Jan 06 05:24:37 UTC 2026","getHeroImage Tests","Component Helper Tests","",""
"","0","TemplateEngine - Should handle deep nesting","@withstudiocms/template-lang Package Tests","Tue Jan 06 05:23:59 UTC 2026","passed","Tue Jan 06 05:23:59 UTC 2026","TemplateEngine - Should handle deep nesting","TemplateEngine Tests","",""
"","1","WYSIWYGSchema Test Case #3","@studiocms/wysiwyg Package Tests","Tue Jan 06 05:24:35 UTC 2026","passed","Tue Jan 06 05:24:35 UTC 2026","WYSIWYGSchema Validation Tests","WYSIWYG Types Tests","",""
"","1","authConfigSchema test case #3","studiocms Package Tests","Tue Jan 06 05:24:59 UTC 2026","passed","Tue Jan 06 05:24:59 UTC 2026","authConfigSchema tests","Config Schemas tests (Auth)","",""
"","0","decodeHTMLAttribute with input: x &lt y","@withstudiocms/component-registry Package Tests","Tue Jan 06 05:24:15 UTC 2026","passed","Tue Jan 06 05:24:15 UTC 2026","decodeHTMLAttribute Tests","Component Proxy Tests","",""
"","5","Editor with null content","@studiocms/markdoc Package Tests","Tue Jan 06 05:24:31 UTC 2026","passed","Tue Jan 06 05:24:31 UTC 2026","Editor Component Tests","Editor Component Tests","",""
"","11","API Route - withEffectAPI","@withstudiocms/effect Package Tests","Tue Jan 06 05:24:03 UTC 2026","passed","Tue Jan 06 05:24:03 UTC 2026","withEffectAPI Tests","API Route Helpers Tests","",""
"","0","firstUpperCase('world') should return 'World'","@studiocms/wysiwyg Package Tests","Tue Jan 06 05:24:37 UTC 2026","passed","Tue Jan 06 05:24:37 UTC 2026","firstUpperCase Function Tests","Utils Tests","",""
"","1","SafePluginListItemSchema test case #2","studiocms Package Tests","Tue Jan 06 05:24:26 UTC 2026","passed","Tue Jan 06 05:24:26 UTC 2026","SafePluginListItemSchema tests","Plugins Schemas tests","",""
"","0","firstUpperCase('') should return ''","@studiocms/wysiwyg Package Tests","Tue Jan 06 05:24:37 UTC 2026","passed","Tue Jan 06 05:24:37 UTC 2026","firstUpperCase Function Tests","Utils Tests","",""
"","0","ensureHtmlExtension adds .html if missing","@withstudiocms/internal_helpers Package Tests","Tue Jan 06 05:24:10 UTC 2026","passed","Tue Jan 06 05:24:10 UTC 2026","ensureHtmlExtension adds .html if missing","Path Generators Tests","",""
"","4","fromCodePoint with input: 65","@withstudiocms/component-registry Package Tests","Tue Jan 06 05:24:48 UTC 2026","passed","Tue Jan 06 05:24:48 UTC 2026","fromCodePoint Tests","Component Proxy Tests","",""
"","3","renderMarkDoc with transformConfig configuration","@studiocms/markdoc Package Tests","Tue Jan 06 05:24:12 UTC 2026","passed","Tue Jan 06 05:24:12 UTC 2026","renderMarkDoc Function Tests","MarkDoc Render Library Tests","",""
"","1","oAuthButtonProviders should set showOAuth to true if any provider is enabled","studiocms Package Tests","Tue Jan 06 05:24:36 UTC 2026","passed","Tue Jan 06 05:24:36 UTC 2026","oAuthButtonProviders - showOAuth test","Components Utils tests","",""
"","2","Footer renders correctly","@studiocms/blog Package Tests","Tue Jan 06 05:24:09 UTC 2026","passed","Tue Jan 06 05:24:09 UTC 2026","Footer Component Tests","Component Tests","",""
"","0","Utility - dedent correctly dedents input","@withstudiocms/component-registry Package Tests","Tue Jan 06 05:24:04 UTC 2026","passed","Tue Jan 06 05:24:04 UTC 2026","dedent Tests","Utility Tests","",""
"","0","stripLeadingSlash removes leading slash","@withstudiocms/internal_helpers Package Tests","Tue Jan 06 05:24:10 UTC 2026","passed","Tue Jan 06 05:24:10 UTC 2026","stripLeadingSlash removes leading slash","Path Generators Tests","",""
"","1","StudioCMSOptionsSchema invalid data test case #3","studiocms Package Tests","Tue Jan 06 05:24:32 UTC 2026","passed","Tue Jan 06 05:24:32 UTC 2026","StudioCMSOptionsSchema tests","Config Schemas tests (Index)","",""
"","0","Middleware - sortByPriority","@withstudiocms/effect Package Tests","Tue Jan 06 05:24:21 UTC 2026","passed","Tue Jan 06 05:24:21 UTC 2026","sortByPriority Tests","Middleware Utility Tests","",""
"","1","appendSearchParamsToUrl (curried) appends param correctly","@withstudiocms/effect Package Tests","Tue Jan 06 05:24:41 UTC 2026","passed","Tue Jan 06 05:24:41 UTC 2026","appendSearchParamsToUrl Tests","Effect Utility Tests","",""
"","3","should create resolver from file:// URL","@withstudiocms/internal_helpers Package Tests","Tue Jan 06 05:24:10 UTC 2026","passed","Tue Jan 06 05:24:10 UTC 2026","should create resolver from file:// URL","Path Resolver Tests","",""
"","2","Middleware - matchFilterCheck","@withstudiocms/effect Package Tests","Tue Jan 06 05:24:21 UTC 2026","passed","Tue Jan 06 05:24:21 UTC 2026","matchFilterCheck Tests","Middleware Utility Tests","",""
"","1","makeAPIRoute('users')('settings') should return '/studiocms_api/users/settings'","studiocms Package Tests","Tue Jan 06 05:24:33 UTC 2026","passed","Tue Jan 06 05:24:33 UTC 2026","makeAPIRoute test","Make API Route Virtual tests","",""
"","6","quoteIdent correctly quotes identifier for mysql","@withstudiocms/kysely Package Tests","Tue Jan 06 05:24:16 UTC 2026","passed","Tue Jan 06 05:24:16 UTC 2026","quoteIdent Utility","Trigger Utilities","",""
"","0","getBlogRoute('') should return '/blog/'","@studiocms/blog Package Tests","Tue Jan 06 05:24:40 UTC 2026","passed","Tue Jan 06 05:24:40 UTC 2026","getBlogRoute Tests","remapFilter Utility Tests","",""
"","2","TemplateRenderer - Strict mode throws error on missing variable","@withstudiocms/template-lang Package Tests","Tue Jan 06 05:23:59 UTC 2026","passed","Tue Jan 06 05:23:59 UTC 2026","TemplateRenderer - Strict mode throws error on missing variable","TemplateRenderer Tests","",""
"","1","resolveBuiltIns test case #9","studiocms Package Tests","Tue Jan 06 05:24:50 UTC 2026","passed","Tue Jan 06 05:24:50 UTC 2026","resolveBuiltIns tests","Integrations tests (Node Namespace Built-ins)","",""
"","4","should read and parse JSON file successfully","@studiocms/cloudinary-image-service Package Tests","Tue Jan 06 05:24:22 UTC 2026","passed","Tue Jan 06 05:24:22 UTC 2026","readJson Functionality Tests","readJson Utility Function Tests","",""
"","0","replaceCodePoint with input: 65","@withstudiocms/component-registry Package Tests","Tue Jan 06 05:24:48 UTC 2026","passed","Tue Jan 06 05:24:48 UTC 2026","replaceCodePoint Tests","Component Proxy Tests","",""
"","0","Utility - dedent correctly dedents input","@withstudiocms/component-registry Package Tests","Tue Jan 06 05:24:04 UTC 2026","passed","Tue Jan 06 05:24:04 UTC 2026","dedent Tests","Utility Tests","",""
"","1","verifyUserPermissionLevel('editor', 'admin') should return false","studiocms Package Tests","Tue Jan 06 05:25:05 UTC 2026","passed","Tue Jan 06 05:25:05 UTC 2026","verifyUserPermissionLevel('editor', 'admin') should return false","UserQuickTools Virtual Script tests","",""
"","1","should have a valid entry for image name: custom","studiocms Package Tests","Tue Jan 06 05:24:49 UTC 2026","passed","Tue Jan 06 05:24:49 UTC 2026","validImages individual entry tests","validImages Virtual tests","",""
"","1","StudioCMSOptionsSchema specific field test case #3","studiocms Package Tests","Tue Jan 06 05:24:32 UTC 2026","passed","Tue Jan 06 05:24:32 UTC 2026","StudioCMSOptionsSchema tests","Config Schemas tests (Index)","",""
"","5","robotsTXT integration returns correct definition","studiocms Package Tests","Tue Jan 06 05:25:02 UTC 2026","passed","Tue Jan 06 05:25:02 UTC 2026","robotsTXT integration definition test","Robots Integration","",""
"","0","Utility - Integration test - dedent and convertHyphensToUnderscores","@withstudiocms/component-registry Package Tests","Tue Jan 06 05:24:04 UTC 2026","passed","Tue Jan 06 05:24:04 UTC 2026","Integration Test - dedent and convertHyphensToUnderscores","Utility Tests","",""
"","1","returns empty string for empty input","studiocms Package Tests","Tue Jan 06 05:24:58 UTC 2026","passed","Tue Jan 06 05:24:58 UTC 2026","returns empty string for empty input","tinyMDParser Utility tests","",""
"","5","NumberArray should reject invalid inputs","@studiocms/devapps Package Tests","Tue Jan 06 05:24:00 UTC 2026","passed","Tue Jan 06 05:24:00 UTC 2026","NumberArray Tests","WordPress API Schema Tests","",""
"","0","Middleware - handlerFilter","@withstudiocms/effect Package Tests","Tue Jan 06 05:24:21 UTC 2026","passed","Tue Jan 06 05:24:21 UTC 2026","handlerFilter Tests","Middleware Utility Tests","",""
"","20","updates document title, meta description, and lang","studiocms Package Tests","Tue Jan 06 05:25:05 UTC 2026","passed","Tue Jan 06 05:25:05 UTC 2026","documentUpdater tests","i18n Client Virtuals tests","",""
"","0","Const: studioCMSSocials.githubLicense","studiocms Package Tests","Tue Jan 06 05:24:11 UTC 2026","passed","Tue Jan 06 05:24:11 UTC 2026","Const: studioCMSSocials.githubLicense","consts.ts tests","",""
"","0","TemplateRenderer - Deep nested properties","@withstudiocms/template-lang Package Tests","Tue Jan 06 05:23:59 UTC 2026","passed","Tue Jan 06 05:23:59 UTC 2026","TemplateRenderer - Deep nested properties","TemplateRenderer Tests","",""
"","1","SDKSchema test case #3","studiocms Package Tests","Tue Jan 06 05:24:22 UTC 2026","passed","Tue Jan 06 05:24:22 UTC 2026","SDKSchema tests","Config Schemas tests (SDK)","",""
"","0","firstUpperCase('abc123') should return 'Abc123'","@studiocms/wysiwyg Package Tests","Tue Jan 06 05:24:37 UTC 2026","passed","Tue Jan 06 05:24:37 UTC 2026","firstUpperCase Function Tests","Utils Tests","",""
"","4","SDKSchema test case #5","studiocms Package Tests","Tue Jan 06 05:24:22 UTC 2026","passed","Tue Jan 06 05:24:22 UTC 2026","SDKSchema tests","Config Schemas tests (SDK)","",""
"","2","Encryption Module - encryptToString and decryptToString roundtrip","@withstudiocms/auth-kit Package Tests","Tue Jan 06 05:24:36 UTC 2026","passed","Tue Jan 06 05:24:36 UTC 2026","encryptToString/decryptToString Tests","Encryption Module Tests","",""
"","5","Scrypt - Service Tests - Should work with key length: 16","@withstudiocms/effect Package Tests","Tue Jan 06 05:24:01 UTC 2026","passed","Tue Jan 06 05:24:01 UTC 2026","ScryptService Tests","Scrypt Service Tests","",""
"","0","fromCodePoint with input: 8364","@withstudiocms/component-registry Package Tests","Tue Jan 06 05:24:48 UTC 2026","passed","Tue Jan 06 05:24:48 UTC 2026","fromCodePoint Tests","Component Proxy Tests","",""
"","1","sdkRouteResolver('init') should return '/studiocms_api/sdk/init'","studiocms Package Tests","Tue Jan 06 05:24:33 UTC 2026","passed","Tue Jan 06 05:24:33 UTC 2026","sdkRouteResolver test","Make API Route Virtual tests","",""
"","0","User Utility - parseRequiredPerms","@withstudiocms/auth-kit Package Tests","Tue Jan 06 05:24:24 UTC 2026","passed","Tue Jan 06 05:24:24 UTC 2026","parseRequiredPerms Tests","User Utility Tests","",""
"","23","KyselyTableManager can Create, drop, and recreate a table","@withstudiocms/kysely Package Tests","Tue Jan 06 05:24:08 UTC 2026","passed","Tue Jan 06 05:24:08 UTC 2026","KyselyTableManager can Create, drop, and recreate a table","Plugin Utilities","",""
"","0","should accept valid favicon extension: /favicon.jpeg","@studiocms/blog Package Tests","Tue Jan 06 05:24:21 UTC 2026","passed","Tue Jan 06 05:24:21 UTC 2026","FrontEndConfigSchema Favicon Tests","Type Definitions Tests","",""
"","1","developerConfigSchema invalid data test case #2","studiocms Package Tests","Tue Jan 06 05:24:56 UTC 2026","passed","Tue Jan 06 05:24:56 UTC 2026","developerConfigSchema tests","Config Schemas tests (Developer)","",""
"","3","Render with empty content","@studiocms/mdx Package Tests","Tue Jan 06 05:24:45 UTC 2026","passed","Tue Jan 06 05:24:45 UTC 2026","Render Tests","MDX Editor Component Tests","",""
"","2","buildNamedMultiExportVirtual - should export multiple named constants","studiocms Package Tests","Tue Jan 06 05:24:17 UTC 2026","passed","Tue Jan 06 05:24:17 UTC 2026","buildNamedMultiExportVirtual test","Virtual Module Utils tests","",""
"","1","Schema test case #6 | Current Schema: FieldSchema","studiocms Package Tests","Tue Jan 06 05:24:25 UTC 2026","passed","Tue Jan 06 05:24:25 UTC 2026","Schema Tests","Plugins Schemas tests (Shared)","",""
"","14","User Module - createUserAvatar returns a valid Libravatar URL","@withstudiocms/auth-kit Package Tests","Tue Jan 06 05:24:05 UTC 2026","passed","Tue Jan 06 05:24:05 UTC 2026","createUserAvatar Tests","User Module Tests","",""
"","1","Should handle StudioCMS flavor with 'obsidian' callout theme","@studiocms/md Package Tests","Tue Jan 06 05:24:14 UTC 2026","passed","Tue Jan 06 05:24:14 UTC 2026","Plugin Creation Tests","studiocmsMD Plugin Tests","",""
"","0","Const: STUDIOCMS_THEME_COLOR","studiocms Package Tests","Tue Jan 06 05:24:11 UTC 2026","passed","Tue Jan 06 05:24:11 UTC 2026","Const: STUDIOCMS_THEME_COLOR","consts.ts tests","",""
"","0","Utility - dedent correctly dedents input","@withstudiocms/component-registry Package Tests","Tue Jan 06 05:24:04 UTC 2026","passed","Tue Jan 06 05:24:04 UTC 2026","dedent Tests","Utility Tests","",""
"","3","OpenClosedSchema should reject invalid value: ""invalid""","@studiocms/devapps Package Tests","Tue Jan 06 05:24:00 UTC 2026","passed","Tue Jan 06 05:24:00 UTC 2026","OpenClosedSchema Tests","WordPress API Schema Tests","",""
"","0","TemplateEngine - Should remove duplicate variable names","@withstudiocms/template-lang Package Tests","Tue Jan 06 05:23:59 UTC 2026","passed","Tue Jan 06 05:23:59 UTC 2026","TemplateEngine - Should remove duplicate variable names","TemplateEngine Tests","",""
"","0","trimInput('baz') should return 'baz'","@studiocms/blog Package Tests","Tue Jan 06 05:24:37 UTC 2026","passed","Tue Jan 06 05:24:37 UTC 2026","trimInput Tests","Component Helper Tests","",""
"","0","decodeHTMLStrict with input: foo &amp bar","@withstudiocms/component-registry Package Tests","Tue Jan 06 05:24:15 UTC 2026","passed","Tue Jan 06 05:24:15 UTC 2026","decodeHTMLStrict Tests","Component Proxy Tests","",""
"","2","getFileSizeInKilobytes throws if statSync fails","studiocms Package Tests","Tue Jan 06 05:24:45 UTC 2026","passed","Tue Jan 06 05:24:45 UTC 2026","getFileSizeInKilobytes error handling test","Robots Utils","",""
"","1","createComponentProxy - handles decoding errors gracefully","@withstudiocms/component-registry Package Tests","Tue Jan 06 05:24:24 UTC 2026","passed","Tue Jan 06 05:24:24 UTC 2026","createComponentProxy Tests","Component Proxy Tests","",""
"","6","verifyUserPermissionLevel('owner', 'owner') should return true","studiocms Package Tests","Tue Jan 06 05:25:05 UTC 2026","passed","Tue Jan 06 05:25:05 UTC 2026","verifyUserPermissionLevel('owner', 'owner') should return true","UserQuickTools Virtual Script tests","",""
"","2","CacheConfigSchema test case #1","studiocms Package Tests","Tue Jan 06 05:24:22 UTC 2026","passed","Tue Jan 06 05:24:22 UTC 2026","CacheConfigSchema tests","Config Schemas tests (SDK)","",""
"","0","Middleware - handlerFilter","@withstudiocms/effect Package Tests","Tue Jan 06 05:24:21 UTC 2026","passed","Tue Jan 06 05:24:21 UTC 2026","handlerFilter Tests","Middleware Utility Tests","",""
"","65","User Module - createLocalUser returns a user object","@withstudiocms/auth-kit Package Tests","Tue Jan 06 05:24:05 UTC 2026","passed","Tue Jan 06 05:24:05 UTC 2026","createLocalUser Tests","User Module Tests","",""
"","1","AstroAPIContextProvider - should create config with correct structure","@studiocms/devapps Package Tests","Tue Jan 06 05:24:06 UTC 2026","passed","Tue Jan 06 05:24:06 UTC 2026","AstroAPIContextProvider Tests","WordPress API Config Tests","",""
"","6","Plugin Creation - Validates Plugin Structure","@studiocms/blog Package Tests","Tue Jan 06 05:24:28 UTC 2026","passed","Tue Jan 06 05:24:28 UTC 2026","Plugin Creation Tests","Blog Plugin Tests","",""
"","0","decodeCodePoint with input: 128512 (Deprecated)","@withstudiocms/component-registry Package Tests","Tue Jan 06 05:24:48 UTC 2026","passed","Tue Jan 06 05:24:48 UTC 2026","decodeCodePoint Tests (Deprecated)","Component Proxy Tests","",""
"","1","developerConfigSchema test case #2","studiocms Package Tests","Tue Jan 06 05:24:56 UTC 2026","passed","Tue Jan 06 05:24:56 UTC 2026","developerConfigSchema tests","Config Schemas tests (Developer)","",""
"","1","User Module - isUserAllowed Tests","@withstudiocms/auth-kit Package Tests","Tue Jan 06 05:24:05 UTC 2026","passed","Tue Jan 06 05:24:05 UTC 2026","isUserAllowed Tests","User Module Tests","",""
"","0","TemplateEngine - Basic rendering of simple variables","@withstudiocms/template-lang Package Tests","Tue Jan 06 05:23:59 UTC 2026","passed","Tue Jan 06 05:23:59 UTC 2026","TemplateEngine - Basic rendering of simple variables","TemplateEngine Tests","",""
"","0","Middleware - sortByPriority","@withstudiocms/effect Package Tests","Tue Jan 06 05:24:21 UTC 2026","passed","Tue Jan 06 05:24:21 UTC 2026","sortByPriority Tests","Middleware Utility Tests","",""
"","1","TemplateEngine - Strict mode should throw error for missing variables","@withstudiocms/template-lang Package Tests","Tue Jan 06 05:23:59 UTC 2026","passed","Tue Jan 06 05:23:59 UTC 2026","TemplateEngine - Strict mode should throw error for missing variables","TemplateEngine Tests","",""
"","1","StudioCMSDevAppsSchema should reject invalid config: {""endpoint"":123}","@studiocms/devapps Package Tests","Tue Jan 06 05:24:29 UTC 2026","passed","Tue Jan 06 05:24:29 UTC 2026","StudioCMSDevAppsSchema Tests","Schema Validation Tests","",""
"","2","NotFoundError is instance of TaggedError","@withstudiocms/kysely Package Tests","Tue Jan 06 05:24:58 UTC 2026","passed","Tue Jan 06 05:24:58 UTC 2026","NotFoundError","Error Classes","",""
"","0","ensureHtmlExtension adds .html if missing","@withstudiocms/internal_helpers Package Tests","Tue Jan 06 05:24:10 UTC 2026","passed","Tue Jan 06 05:24:10 UTC 2026","ensureHtmlExtension adds .html if missing","Path Generators Tests","",""
"","6","buildPostgresTriggerSQL builds correct SQL","@withstudiocms/kysely Package Tests","Tue Jan 06 05:24:16 UTC 2026","passed","Tue Jan 06 05:24:16 UTC 2026","buildPostgresTriggerSQL Utility","Trigger Utilities","",""
"","0","createURLGenFactory - Non-dashboard route without path","@withstudiocms/internal_helpers Package Tests","Tue Jan 06 05:24:46 UTC 2026","passed","Tue Jan 06 05:24:46 UTC 2026","createURLGenFactory - Non-dashboard route without path","createURLGenFactory Tests","",""
"","0","Const: FAVICON_ASSETS.png.dark","studiocms Package Tests","Tue Jan 06 05:24:11 UTC 2026","passed","Tue Jan 06 05:24:11 UTC 2026","Const: FAVICON_ASSETS.png.dark","consts.ts tests","",""
"","1","isDashboardRoute('/dashboard', '/dashboard') should return true","studiocms Package Tests","Tue Jan 06 05:25:05 UTC 2026","passed","Tue Jan 06 05:25:05 UTC 2026","isDashboardRoute('/dashboard', '/dashboard') should return true","UserQuickTools Virtual Script tests","",""
"","5","Plugin Creation - Validates Plugin Structure","@studiocms/google Package Tests","Tue Jan 06 05:24:27 UTC 2026","passed","Tue Jan 06 05:24:27 UTC 2026","Plugin Creation Tests","Google Plugin Tests","",""
"","0","Middleware - matchFilterCheck","@withstudiocms/effect Package Tests","Tue Jan 06 05:24:21 UTC 2026","passed","Tue Jan 06 05:24:21 UTC 2026","matchFilterCheck Tests","Middleware Utility Tests","",""
"","1","SDKCacheSchema test case #2","studiocms Package Tests","Tue Jan 06 05:24:22 UTC 2026","passed","Tue Jan 06 05:24:22 UTC 2026","SDKCacheSchema tests","Config Schemas tests (SDK)","",""
"","0","fromCodePoint with input: 128512","@withstudiocms/component-registry Package Tests","Tue Jan 06 05:24:15 UTC 2026","passed","Tue Jan 06 05:24:15 UTC 2026","fromCodePoint Tests","Component Proxy Tests","",""
"","1","should handle URL paths","@studiocms/cloudinary-image-service Package Tests","Tue Jan 06 05:24:22 UTC 2026","passed","Tue Jan 06 05:24:22 UTC 2026","readJson Functionality Tests","readJson Utility Function Tests","",""
"","1","Scrypt - Scrypt.makeConfig static method","@withstudiocms/effect Package Tests","Tue Jan 06 05:24:00 UTC 2026","passed","Tue Jan 06 05:24:00 UTC 2026","Scrypt.makeConfig Tests","Scrypt Service Tests","",""
"","5","TemplateRenderer - Basic rendering of simple variables","@withstudiocms/template-lang Package Tests","Tue Jan 06 05:23:58 UTC 2026","passed","Tue Jan 06 05:23:59 UTC 2026","TemplateRenderer - Basic rendering of simple variables","TemplateRenderer Tests","",""
"","0","replaceCodePoint with input: 1114112","@withstudiocms/component-registry Package Tests","Tue Jan 06 05:24:48 UTC 2026","passed","Tue Jan 06 05:24:48 UTC 2026","replaceCodePoint Tests","Component Proxy Tests","",""
"","0","User Utility - parseRequiredPerms","@withstudiocms/auth-kit Package Tests","Tue Jan 06 05:24:24 UTC 2026","passed","Tue Jan 06 05:24:24 UTC 2026","parseRequiredPerms Tests","User Utility Tests","",""
"","0","Utility - convertHyphensToUnderscores converts ""hello-world-test-case"" to ""hello_world_test_case""","@withstudiocms/component-registry Package Tests","Tue Jan 06 05:24:04 UTC 2026","passed","Tue Jan 06 05:24:04 UTC 2026","convertHyphensToUnderscores Tests","Utility Tests","",""
"","1","useTranslatedPath returns path without lang prefix for English when showDefaultLang is false","studiocms Package Tests","Tue Jan 06 05:24:26 UTC 2026","passed","Tue Jan 06 05:24:26 UTC 2026","useTranslatedPath tests","i18n Server Virtuals tests","",""
"","0","decodeCodePoint with input: 65 (Deprecated)","@withstudiocms/component-registry Package Tests","Tue Jan 06 05:24:48 UTC 2026","passed","Tue Jan 06 05:24:48 UTC 2026","decodeCodePoint Tests (Deprecated)","Component Proxy Tests","",""
"","0","trimInput(' ') should return 'undefined'","@studiocms/blog Package Tests","Tue Jan 06 05:24:37 UTC 2026","passed","Tue Jan 06 05:24:37 UTC 2026","trimInput Tests","Component Helper Tests","",""
"","1","ColumnType with Select: boolean, Insert: string, Update: string","@withstudiocms/kysely Package Tests","Tue Jan 06 05:24:46 UTC 2026","passed","Tue Jan 06 05:24:46 UTC 2026","ColumnType Variants","Schema Definitions","",""
"","0","WYSIWYGSchema Test Case #6","@studiocms/wysiwyg Package Tests","Tue Jan 06 05:24:35 UTC 2026","passed","Tue Jan 06 05:24:35 UTC 2026","WYSIWYGSchema Validation Tests","WYSIWYG Types Tests","",""
"","0","Const: defaultCacheLifeTime","studiocms Package Tests","Tue Jan 06 05:24:11 UTC 2026","passed","Tue Jan 06 05:24:11 UTC 2026","Const: defaultCacheLifeTime","consts.ts tests","",""
"","13","ComponentRegistry - getAllComponents - no components registered","@withstudiocms/component-registry Package Tests","Tue Jan 06 05:24:01 UTC 2026","passed","Tue Jan 06 05:24:01 UTC 2026","getAllComponents Tests","Component Registry Tests","",""
"","0","stripLeadingSlash('hello/world') should return 'hello/world'","@studiocms/devapps Package Tests","Tue Jan 06 05:24:22 UTC 2026","passed","Tue Jan 06 05:24:22 UTC 2026","stripLeadingSlash Tests","pathGenerator Utility Function Tests","",""
"","0","PostFormatSchema should validate value: ""aside""","@studiocms/devapps Package Tests","Tue Jan 06 05:24:00 UTC 2026","passed","Tue Jan 06 05:24:00 UTC 2026","PostFormatSchema Tests","WordPress API Schema Tests","",""
"","1","debug does not log when verbose is false","@withstudiocms/internal_helpers Package Tests","Tue Jan 06 05:23:58 UTC 2026","passed","Tue Jan 06 05:23:58 UTC 2026","integrationLogger - debug method","Astro Integration Utility Tests","",""
"","0","decodeHTML with input: 2 &lt; 3 &gt; 1","@withstudiocms/component-registry Package Tests","Tue Jan 06 05:24:15 UTC 2026","passed","Tue Jan 06 05:24:15 UTC 2026","decodeHTML Tests","Component Proxy Tests","",""
"","0","Utility - convertUnderscoresToHyphens converts ""hello_world_test_case"" to ""hello-world-test-case""","@withstudiocms/component-registry Package Tests","Tue Jan 06 05:24:04 UTC 2026","passed","Tue Jan 06 05:24:04 UTC 2026","convertUnderscoresToHyphens Tests","Utility Tests","",""
"","1","getUserPermissionLevel test case #2","studiocms Package Tests","Tue Jan 06 05:24:18 UTC 2026","passed","Tue Jan 06 05:24:18 UTC 2026","getUserPermissionLevel tests","Middleware Utils tests","",""
"","2","Should return original src if CMS_CLOUDINARY_CLOUDNAME is not set","@studiocms/cloudinary-image-service Package Tests","Tue Jan 06 05:24:02 UTC 2026","passed","Tue Jan 06 05:24:02 UTC 2026","Image URL Generation Tests","Cloudinary Image Service - Image URL Generation Tests","",""
"","1","Should return original src when cloud name is empty string","@studiocms/cloudinary-image-service Package Tests","Tue Jan 06 05:24:02 UTC 2026","passed","Tue Jan 06 05:24:02 UTC 2026","Image URL Generation Tests","Cloudinary Image Service - Image URL Generation Tests","",""
"throws error if comp is undefined","1","pageContentComponentFilter - throws error if comp is undefined","@withstudiocms/internal_helpers Package Tests","Tue Jan 06 05:24:00 UTC 2026","passed","Tue Jan 06 05:24:00 UTC 2026","pageContentComponentFilter - throws error if comp is undefined","Utility Functions","",""
"","62","ComponentRegistry - registerComponentFromFile - non-existent file","@withstudiocms/component-registry Package Tests","Tue Jan 06 05:24:01 UTC 2026","passed","Tue Jan 06 05:24:01 UTC 2026","registerComponentFromFile Tests","Component Registry Tests","",""
"","1","VirtualModuleBuilder - dynamicWithAstroVirtual combines dynamic and astro exports","studiocms Package Tests","Tue Jan 06 05:24:17 UTC 2026","passed","Tue Jan 06 05:24:17 UTC 2026","VirtualModuleBuilder - dynamicWithAstroVirtual test","Virtual Module Utils tests","",""
"","0","Utility - convertUnderscoresToHyphens converts ""hello_world"" to ""hello-world""","@withstudiocms/component-registry Package Tests","Tue Jan 06 05:24:04 UTC 2026","passed","Tue Jan 06 05:24:04 UTC 2026","convertUnderscoresToHyphens Tests","Utility Tests","",""
"","0","Middleware - sortByPriority","@withstudiocms/effect Package Tests","Tue Jan 06 05:24:21 UTC 2026","passed","Tue Jan 06 05:24:21 UTC 2026","sortByPriority Tests","Middleware Utility Tests","",""
"","0","PostFormatSchema should validate value: ""standard""","@studiocms/devapps Package Tests","Tue Jan 06 05:24:00 UTC 2026","passed","Tue Jan 06 05:24:00 UTC 2026","PostFormatSchema Tests","WordPress API Schema Tests","",""
"","4","StudioCMSRoutes.mainLinks.plugins should be defined","studiocms Package Tests","Tue Jan 06 05:24:28 UTC 2026","passed","Tue Jan 06 05:24:28 UTC 2026","StudioCMSRoutes.mainLinks.plugins test","Route Map Virtual tests","",""
"","0","createComponentProxy with input: {""Foo"":""bar""}","@withstudiocms/component-registry Package Tests","Tue Jan 06 05:24:24 UTC 2026","passed","Tue Jan 06 05:24:24 UTC 2026","createComponentProxy Tests","Component Proxy Tests","",""
"","0","DownloadPostImageConfig - should create config with correct structure","@studiocms/devapps Package Tests","Tue Jan 06 05:24:06 UTC 2026","passed","Tue Jan 06 05:24:06 UTC 2026","DownloadPostImageConfig Tests","WordPress API Config Tests","",""
"","0","TemplateParser - Should return true when variables exist (1)","@withstudiocms/template-lang Package Tests","Tue Jan 06 05:23:59 UTC 2026","passed","Tue Jan 06 05:23:59 UTC 2026","TemplateParser - Should return true when variables exist (1)","TemplateParser Tests","",""
"","1","User Module - doesUserExistByEmail Tests","@withstudiocms/auth-kit Package Tests","Tue Jan 06 05:24:05 UTC 2026","passed","Tue Jan 06 05:24:05 UTC 2026","doesUserExistByEmail Tests","User Module Tests","",""
"","8","should create integration with default options","@studiocms/devapps Package Tests","Tue Jan 06 05:24:51 UTC 2026","passed","Tue Jan 06 05:24:51 UTC 2026","Integration Creation Tests","StudioCMS DevApps Integration Tests","",""
"","0","parseCallouts returns correct value for opt: vitepress","@studiocms/md Package Tests","Tue Jan 06 05:24:43 UTC 2026","passed","Tue Jan 06 05:24:43 UTC 2026","parseCallouts Tests","markdown-prerender Module Tests","",""
"","1","formatNotificationOptions should format [] as """"","studiocms Package Tests","Tue Jan 06 05:24:33 UTC 2026","passed","Tue Jan 06 05:24:33 UTC 2026","formatNotificationOptions should format [] as """"","Notifier Client Virtual tests","",""
"","1","Const: routesDir.dashRoute","studiocms Package Tests","Tue Jan 06 05:24:11 UTC 2026","passed","Tue Jan 06 05:24:11 UTC 2026","Const: routesDir.dashRoute","consts.ts tests","",""
"","0","Const: AstroConfigViteSettings.build.chunkSizeWarningLimit","studiocms Package Tests","Tue Jan 06 05:24:11 UTC 2026","passed","Tue Jan 06 05:24:11 UTC 2026","Const: AstroConfigViteSettings.build.chunkSizeWarningLimit","consts.ts tests","",""
"","0","stripTrailingSlash('hello') should return 'hello'","@studiocms/devapps Package Tests","Tue Jan 06 05:24:22 UTC 2026","passed","Tue Jan 06 05:24:22 UTC 2026","stripTrailingSlash Tests","pathGenerator Utility Function Tests","",""
"","0","should handle paths with special characters","@withstudiocms/internal_helpers Package Tests","Tue Jan 06 05:24:10 UTC 2026","passed","Tue Jan 06 05:24:10 UTC 2026","should handle paths with special characters","Path Resolver Tests","",""
"","1","generateHostContent returns empty string for host: example.com","studiocms Package Tests","Tue Jan 06 05:24:09 UTC 2026","passed","Tue Jan 06 05:24:09 UTC 2026","generateHostContent tests","Robots Core Utils","",""
"","0","TemplateEngine - Should use default value for missing variables","@withstudiocms/template-lang Package Tests","Tue Jan 06 05:23:59 UTC 2026","passed","Tue Jan 06 05:23:59 UTC 2026","TemplateEngine - Should use default value for missing variables","TemplateEngine Tests","",""
"","0","decodeHTML with input: foo &amp bar","@withstudiocms/component-registry Package Tests","Tue Jan 06 05:24:15 UTC 2026","passed","Tue Jan 06 05:24:15 UTC 2026","decodeHTML Tests","Component Proxy Tests","",""
"","1","ProcessedCacheConfigSchema test case #2","studiocms Package Tests","Tue Jan 06 05:24:22 UTC 2026","passed","Tue Jan 06 05:24:22 UTC 2026","ProcessedCacheConfigSchema tests","Config Schemas tests (SDK)","",""
"","35","KyselyTableManager can create and manage plugin tables","@withstudiocms/kysely Package Tests","Tue Jan 06 05:24:08 UTC 2026","passed","Tue Jan 06 05:24:08 UTC 2026","KyselyTableManager can create and manage plugin tables","Plugin Utilities","",""
"","7","QueryParseError is instance of TaggedError","@withstudiocms/kysely Package Tests","Tue Jan 06 05:24:58 UTC 2026","passed","Tue Jan 06 05:24:58 UTC 2026","QueryParseError","Error Classes","",""
"","0","WYSIWYGSchema Invalid Test Case #8","@studiocms/wysiwyg Package Tests","Tue Jan 06 05:24:35 UTC 2026","passed","Tue Jan 06 05:24:35 UTC 2026","WYSIWYGSchema Invalid Input Tests","WYSIWYG Types Tests","",""
"","5","Libravatar Utils - parseUserIdentity with input {""email"":""user@example.com""}","@withstudiocms/auth-kit Package Tests","Tue Jan 06 05:24:12 UTC 2026","passed","Tue Jan 06 05:24:12 UTC 2026","parseUserIdentity Tests","Libravatar Utility Tests","",""
"","0","NumberArray should validate input: [1,2,3,4,5]","@studiocms/devapps Package Tests","Tue Jan 06 05:24:00 UTC 2026","passed","Tue Jan 06 05:24:00 UTC 2026","NumberArray Tests","WordPress API Schema Tests","",""
"","1","sitemap-index.xml GET returns empty sitemapindex if no sitemaps","studiocms Package Tests","Tue Jan 06 05:24:25 UTC 2026","passed","Tue Jan 06 05:24:25 UTC 2026","GET tests","Dynamic Sitemap - sitemap-index.xml","",""
"","1","Zod Utils - parseAndMerge Tests","@withstudiocms/config-utils Package Tests","Tue Jan 06 05:24:28 UTC 2026","passed","Tue Jan 06 05:24:28 UTC 2026","parseAndMerge Test Set","Zod Utility Tests","",""
"","0","should handle single segment paths","@withstudiocms/internal_helpers Package Tests","Tue Jan 06 05:24:10 UTC 2026","passed","Tue Jan 06 05:24:10 UTC 2026","should handle single segment paths","Path Resolver Tests","",""
"","0","StudioCMSDevAppsSchema should parse config: undefined","@studiocms/devapps Package Tests","Tue Jan 06 05:24:29 UTC 2026","passed","Tue Jan 06 05:24:29 UTC 2026","StudioCMSDevAppsSchema Tests","Schema Validation Tests","",""
"","2","updateElmPlaceholder updates input placeholder","studiocms Package Tests","Tue Jan 06 05:25:05 UTC 2026","passed","Tue Jan 06 05:25:05 UTC 2026","updateElmPlaceholder tests","i18n Client Virtuals tests","",""
"","2","getEnabledNotificationCheckboxes - should return enabled options from FormData","studiocms Package Tests","Tue Jan 06 05:24:33 UTC 2026","passed","Tue Jan 06 05:24:33 UTC 2026","getEnabledNotificationCheckboxes test","Notifier Client Virtual tests","",""
"","0","Middleware - sortByPriority","@withstudiocms/effect Package Tests","Tue Jan 06 05:24:21 UTC 2026","passed","Tue Jan 06 05:24:21 UTC 2026","sortByPriority Tests","Middleware Utility Tests","",""
"","0","parse('{""user"": {""name"": ""John"", ""address"": {""city"": ""NYC""}}}') should return expected object","@studiocms/wysiwyg Package Tests","Tue Jan 06 05:24:37 UTC 2026","passed","Tue Jan 06 05:24:37 UTC 2026","parse Function Tests","Utils Tests","",""
"","1","QueryError is instance of TaggedError","@withstudiocms/kysely Package Tests","Tue Jan 06 05:24:58 UTC 2026","passed","Tue Jan 06 05:24:58 UTC 2026","QueryError","Error Classes","",""
"","1","should list available UI translations","studiocms Package Tests","Tue Jan 06 05:24:43 UTC 2026","passed","Tue Jan 06 05:24:43 UTC 2026","uiTranslationsAvailable tests","i18n Config tests","",""
"","3","pageHeaderUpdater updates page header title","studiocms Package Tests","Tue Jan 06 05:25:05 UTC 2026","passed","Tue Jan 06 05:25:05 UTC 2026","pageHeaderUpdater tests","i18n Client Virtuals tests","",""
"","1","HeadConfigSchema - sortHead puts important tags first","@withstudiocms/internal_helpers Package Tests","Tue Jan 06 05:24:07 UTC 2026","passed","Tue Jan 06 05:24:07 UTC 2026","HeadConfigSchema - sortHead puts important tags first","HeadConfigSchema Tests","",""
"","1","StudioCMSRoutes.mainLinks.createPage should be defined","studiocms Package Tests","Tue Jan 06 05:24:27 UTC 2026","passed","Tue Jan 06 05:24:27 UTC 2026","StudioCMSRoutes.mainLinks.createPage test","Route Map Virtual tests","",""
"","1","StudioCMSRoutes.mainLinks.passwordReset should be defined","studiocms Package Tests","Tue Jan 06 05:24:28 UTC 2026","passed","Tue Jan 06 05:24:28 UTC 2026","StudioCMSRoutes.mainLinks.passwordReset test","Route Map Virtual tests","",""
"","0","ensureLeadingAndTrailingSlashes adds both slashes","@withstudiocms/internal_helpers Package Tests","Tue Jan 06 05:24:10 UTC 2026","passed","Tue Jan 06 05:24:10 UTC 2026","ensureLeadingAndTrailingSlashes adds both slashes","Path Generators Tests","",""
"","1","MigratorError is instance of TaggedError","@withstudiocms/kysely Package Tests","Tue Jan 06 05:24:58 UTC 2026","passed","Tue Jan 06 05:24:58 UTC 2026","MigratorError","Error Classes","",""
"","1","switchLanguage switches path to selected language","studiocms Package Tests","Tue Jan 06 05:24:26 UTC 2026","passed","Tue Jan 06 05:24:26 UTC 2026","switchLanguage tests","i18n Server Virtuals tests","",""
"","1","error logs when verbose is false","@withstudiocms/internal_helpers Package Tests","Tue Jan 06 05:23:58 UTC 2026","passed","Tue Jan 06 05:23:58 UTC 2026","integrationLogger - error method","Astro Integration Utility Tests","",""
"","1","TransformHTML Test Case","@withstudiocms/component-registry Package Tests","Tue Jan 06 05:24:20 UTC 2026","passed","Tue Jan 06 05:24:20 UTC 2026","transformHTML Tests","TransformHTML Tests","",""
"","0","buildAliasExports Test Case","@withstudiocms/component-registry Package Tests","Tue Jan 06 05:24:37 UTC 2026","passed","Tue Jan 06 05:24:37 UTC 2026","buildAliasExports Tests","Registry Constants Tests","",""
"","35","getUserPermissions test case #1","studiocms Package Tests","Tue Jan 06 05:24:18 UTC 2026","passed","Tue Jan 06 05:24:18 UTC 2026","getUserPermissions tests","Middleware Utils tests","",""
"","1","restRoute('v2')('posts') should return '/studiocms_api/rest/v2/posts'","studiocms Package Tests","Tue Jan 06 05:24:33 UTC 2026","passed","Tue Jan 06 05:24:33 UTC 2026","restRoute test","Make API Route Virtual tests","",""
"","2","Libravatar Utils - getAvatarUrl throws if no email or openid","@withstudiocms/auth-kit Package Tests","Tue Jan 06 05:24:12 UTC 2026","passed","Tue Jan 06 05:24:12 UTC 2026","getAvatarUrl Tests","Libravatar Utility Tests","",""
"","0","stripLeadingAndTrailingSlashes removes both","@withstudiocms/internal_helpers Package Tests","Tue Jan 06 05:24:10 UTC 2026","passed","Tue Jan 06 05:24:10 UTC 2026","stripLeadingAndTrailingSlashes removes both","Path Generators Tests","",""
"","11","renderMarkDoc with HTML renderer","@studiocms/markdoc Package Tests","Tue Jan 06 05:24:12 UTC 2026","passed","Tue Jan 06 05:24:12 UTC 2026","renderMarkDoc Function Tests","MarkDoc Render Library Tests","",""
"","6","Utility - integrationLogger logs at info when verbose is true","@withstudiocms/component-registry Package Tests","Tue Jan 06 05:24:04 UTC 2026","passed","Tue Jan 06 05:24:04 UTC 2026","integrationLogger Tests","Utility Tests","",""
"","1","createComponentProxy - decodes code prop for CodeBlock and CodeSpan components","@withstudiocms/component-registry Package Tests","Tue Jan 06 05:24:24 UTC 2026","passed","Tue Jan 06 05:24:24 UTC 2026","createComponentProxy Tests","Component Proxy Tests","",""
"","1","Const: CMSMailerConfigId","studiocms Package Tests","Tue Jan 06 05:24:11 UTC 2026","passed","Tue Jan 06 05:24:11 UTC 2026","Const: CMSMailerConfigId","consts.ts tests","",""
"","1","toUpperKeyword correctly uppercases SQL keyword ""insert""","@withstudiocms/kysely Package Tests","Tue Jan 06 05:24:16 UTC 2026","passed","Tue Jan 06 05:24:16 UTC 2026","toUpperKeyword Utility","Trigger Utilities","",""
"","3","calls fetch with correct arguments and shows success toast on register","studiocms Package Tests","Tue Jan 06 05:25:05 UTC 2026","passed","Tue Jan 06 05:25:05 UTC 2026","formListener register success test","Form Listener tests","",""
"","0","stripTrailingSlash removes trailing slash","@withstudiocms/internal_helpers Package Tests","Tue Jan 06 05:24:10 UTC 2026","passed","Tue Jan 06 05:24:10 UTC 2026","stripTrailingSlash removes trailing slash","Path Generators Tests","",""
"","1","parse('42') should return expected object","@studiocms/wysiwyg Package Tests","Tue Jan 06 05:24:37 UTC 2026","passed","Tue Jan 06 05:24:37 UTC 2026","parse Function Tests","Utils Tests","",""
"","0","parse Invalid Test Case #7","@studiocms/wysiwyg Package Tests","Tue Jan 06 05:24:37 UTC 2026","passed","Tue Jan 06 05:24:37 UTC 2026","parse Function Invalid Input Tests","Utils Tests","",""
"","1","decode-data-xml - should have the expected length","@withstudiocms/component-registry Package Tests","Tue Jan 06 05:24:55 UTC 2026","passed","Tue Jan 06 05:24:55 UTC 2026","decode-data-xml Tests","Component Proxy Tests","",""
"","0","Utility - round-trip conversion of ""hello-world-test"" toUnderscores","@withstudiocms/component-registry Package Tests","Tue Jan 06 05:24:04 UTC 2026","passed","Tue Jan 06 05:24:04 UTC 2026","Round-Trip Conversion Tests","Utility Tests","",""
"","1","TimeStringSchema test case #2","studiocms Package Tests","Tue Jan 06 05:24:22 UTC 2026","passed","Tue Jan 06 05:24:22 UTC 2026","TimeStringSchema tests","Config Schemas tests (SDK)","",""
"","0","Middleware - handlerFilter","@withstudiocms/effect Package Tests","Tue Jan 06 05:24:21 UTC 2026","passed","Tue Jan 06 05:24:21 UTC 2026","handlerFilter Tests","Middleware Utility Tests","",""
"","1","Watcher Utils - exists Tests","@withstudiocms/config-utils Package Tests","Tue Jan 06 05:24:42 UTC 2026","passed","Tue Jan 06 05:24:42 UTC 2026","exists Test Set","Watcher Utility Tests","",""
"","8","StudioCMSSanitizeOptionsSchema test case #1","studiocms Package Tests","Tue Jan 06 05:24:26 UTC 2026","passed","Tue Jan 06 05:24:26 UTC 2026","StudioCMSSanitizeOptionsSchema tests","Plugins Schemas tests","",""
"","1","replaceCodePoint with input: 55296","@withstudiocms/component-registry Package Tests","Tue Jan 06 05:24:48 UTC 2026","passed","Tue Jan 06 05:24:48 UTC 2026","replaceCodePoint Tests","Component Proxy Tests","",""
"","1","Schema test case #12 | Current Schema: AvailableDashboardPagesSchema","studiocms Package Tests","Tue Jan 06 05:24:25 UTC 2026","passed","Tue Jan 06 05:24:25 UTC 2026","Schema Tests","Plugins Schemas tests (Shared)","",""
"","6","baseServerTranslations has property displayName","studiocms Package Tests","Tue Jan 06 05:24:43 UTC 2026","passed","Tue Jan 06 05:24:43 UTC 2026","baseServerTranslations tests","i18n Config tests","",""
"","1","parse Invalid Test Case #1","@studiocms/wysiwyg Package Tests","Tue Jan 06 05:24:37 UTC 2026","passed","Tue Jan 06 05:24:37 UTC 2026","parse Function Invalid Input Tests","Utils Tests","",""
"","0","decodeHTML with input: Smile: &#128512;","@withstudiocms/component-registry Package Tests","Tue Jan 06 05:24:15 UTC 2026","passed","Tue Jan 06 05:24:15 UTC 2026","decodeHTML Tests","Component Proxy Tests","",""
"","0","UseBlogPkgConfig - should create config with useBlogPkg: true","@studiocms/devapps Package Tests","Tue Jan 06 05:24:06 UTC 2026","passed","Tue Jan 06 05:24:06 UTC 2026","UseBlogPkgConfig Tests","WordPress API Config Tests","",""
"","1","sortByDate test case #9","studiocms Package Tests","Tue Jan 06 05:24:36 UTC 2026","passed","Tue Jan 06 05:24:36 UTC 2026","sortByDate test","Components Utils tests","",""
"","7","ProcessedSDKSchema test case #2","studiocms Package Tests","Tue Jan 06 05:24:22 UTC 2026","passed","Tue Jan 06 05:24:22 UTC 2026","ProcessedSDKSchema tests","Config Schemas tests (SDK)","",""
"","6","Plugin Creation - Validates Plugin Structure and Options","@studiocms/markdoc Package Tests","Tue Jan 06 05:24:41 UTC 2026","passed","Tue Jan 06 05:24:41 UTC 2026","Plugin Creation Tests","studiocmsMarkDoc Plugin Tests","",""
"","0","User Utility - parseRequiredPerms","@withstudiocms/auth-kit Package Tests","Tue Jan 06 05:24:24 UTC 2026","passed","Tue Jan 06 05:24:24 UTC 2026","parseRequiredPerms Tests","User Utility Tests","",""
"","0","isFaviconExt should return false for invalid extension","@studiocms/blog Package Tests","Tue Jan 06 05:24:21 UTC 2026","passed","Tue Jan 06 05:24:21 UTC 2026","isFaviconExt Function Tests","Type Definitions Tests","",""
"","10","getUserPermissions test case #3","studiocms Package Tests","Tue Jan 06 05:24:18 UTC 2026","passed","Tue Jan 06 05:24:18 UTC 2026","getUserPermissions tests","Middleware Utils tests","",""
"","3","renders markdown correctly for flavor: unknown","@studiocms/md Package Tests","Tue Jan 06 05:24:43 UTC 2026","passed","Tue Jan 06 05:24:43 UTC 2026","Markdown Rendering Tests","markdown-prerender Module Tests","",""
"","1","should handle empty JSON object","@studiocms/cloudinary-image-service Package Tests","Tue Jan 06 05:24:22 UTC 2026","passed","Tue Jan 06 05:24:22 UTC 2026","readJson Functionality Tests","readJson Utility Function Tests","",""
"","1","User Utility - verifyUsernameSafe","@withstudiocms/auth-kit Package Tests","Tue Jan 06 05:24:24 UTC 2026","passed","Tue Jan 06 05:24:24 UTC 2026","verifyUsernameSafe Tests","User Utility Tests","",""
"","1","ColumnType with Select: string, Insert: number, Update: boolean","@withstudiocms/kysely Package Tests","Tue Jan 06 05:24:46 UTC 2026","passed","Tue Jan 06 05:24:46 UTC 2026","ColumnType Variants","Schema Definitions","",""
"","3","setLocals - merges plugins values without overwriting general/security","studiocms Package Tests","Tue Jan 06 05:24:18 UTC 2026","passed","Tue Jan 06 05:24:18 UTC 2026","setLocals tests - PLUGINS","Middleware Utils tests","",""
"","0","Utility - convertUnderscoresToHyphens converts ""___"" to ""---""","@withstudiocms/component-registry Package Tests","Tue Jan 06 05:24:04 UTC 2026","passed","Tue Jan 06 05:24:04 UTC 2026","convertUnderscoresToHyphens Tests","Utility Tests","",""
"","0","Middleware - sortByPriority","@withstudiocms/effect Package Tests","Tue Jan 06 05:24:21 UTC 2026","passed","Tue Jan 06 05:24:21 UTC 2026","sortByPriority Tests","Middleware Utility Tests","",""
"","6","TransformHTML Test Case","@withstudiocms/component-registry Package Tests","Tue Jan 06 05:24:20 UTC 2026","passed","Tue Jan 06 05:24:20 UTC 2026","transformHTML Tests","TransformHTML Tests","",""
"","5","Effect Utilities - runEffect rejects with error","@withstudiocms/effect Package Tests","Tue Jan 06 05:24:41 UTC 2026","passed","Tue Jan 06 05:24:41 UTC 2026","runEffect Tests","Effect Utility Tests","",""
"","1","Password Utility - verifyPasswordLength - should return ""Password must be between 6 and 255 characters long."" for input ""aaaaaaaaaaaaaaaaaaaaaaaaaaaaaaaaaaaaaaaaaaaaaaaaaaaaaaaaaaaaaaaaaaaaaaaaaaaaaaaaaaaaaaaaaaaaaaaaaaaaaaaaaaaaaaaaaaaaaaaaaaaaaaaaaaaaaaaaaaaaaaaaaaaaaaaaaaaaaaaaaaaaaaaaaaaaaaaaaaaaaaaaaaaaaaaaaaaaaaaaaaaaaaaaaaaaaaaaaaaaaaaaaaaaaaaaaaaaaaaaaaaaaaaaaaaaaaaa""","@withstudiocms/auth-kit Package Tests","Tue Jan 06 05:24:25 UTC 2026","passed","Tue Jan 06 05:24:25 UTC 2026","verifyPasswordLength Tests","Password Utility Tests","",""
"","1","validImage should have ""custom"" image with format ""web""","studiocms Package Tests","Tue Jan 06 05:24:49 UTC 2026","passed","Tue Jan 06 05:24:49 UTC 2026","validImages custom image tests","validImages Virtual tests","",""
"","136","Password Module - verifyPasswordHash returns true for correct password","@withstudiocms/auth-kit Package Tests","Tue Jan 06 05:24:38 UTC 2026","passed","Tue Jan 06 05:24:38 UTC 2026","verifyPasswordHash Tests","Password Module Tests","",""
"","3","firstUpperCase('hello') should return 'Hello'","@studiocms/wysiwyg Package Tests","Tue Jan 06 05:24:37 UTC 2026","passed","Tue Jan 06 05:24:37 UTC 2026","firstUpperCase Function Tests","Utils Tests","",""
"","1","resolveBuiltIns test case #5","studiocms Package Tests","Tue Jan 06 05:24:50 UTC 2026","passed","Tue Jan 06 05:24:50 UTC 2026","resolveBuiltIns tests","Integrations tests (Node Namespace Built-ins)","",""
"","4","decode - input: &lt;tag&gt;","@withstudiocms/component-registry Package Tests","Tue Jan 06 05:24:56 UTC 2026","passed","Tue Jan 06 05:24:56 UTC 2026","decode Tests","Component Proxy Tests","",""
"","1","useTranslations returns correct translation for key ""nonexistent""","studiocms Package Tests","Tue Jan 06 05:24:26 UTC 2026","passed","Tue Jan 06 05:24:26 UTC 2026","useTranslations tests","i18n Server Virtuals tests","",""
"","0","parse('true') should return expected object","@studiocms/wysiwyg Package Tests","Tue Jan 06 05:24:37 UTC 2026","passed","Tue Jan 06 05:24:37 UTC 2026","parse Function Tests","Utils Tests","",""
"","1","Session Module - validateSessionToken returns null for invalid session","@withstudiocms/auth-kit Package Tests","Tue Jan 06 05:24:13 UTC 2026","passed","Tue Jan 06 05:24:13 UTC 2026","validateSessionToken Invalid Session Tests","Session Module Tests","",""
"","1","Schema test case #15 | Current Schema: FrontendNavigationLinksSchema","studiocms Package Tests","Tue Jan 06 05:24:25 UTC 2026","passed","Tue Jan 06 05:24:25 UTC 2026","Schema Tests","Plugins Schemas tests (Shared)","",""
"","1","Response Helpers - AllResponse","@withstudiocms/effect Package Tests","Tue Jan 06 05:24:09 UTC 2026","passed","Tue Jan 06 05:24:09 UTC 2026","AllResponse Tests","Response Helpers Tests","",""
"","6","Editor component renders correctly","@studiocms/blog Package Tests","Tue Jan 06 05:24:09 UTC 2026","passed","Tue Jan 06 05:24:09 UTC 2026","Editor Component Tests","Component Tests","",""
"","0","ImportPostsEndpointConfig - should create config with useBlogPkg: false","@studiocms/devapps Package Tests","Tue Jan 06 05:24:06 UTC 2026","passed","Tue Jan 06 05:24:06 UTC 2026","ImportPostsEndpointConfig Tests","WordPress API Config Tests","",""
"","1","StatusSchema should reject invalid value: ""active""","@studiocms/devapps Package Tests","Tue Jan 06 05:24:00 UTC 2026","passed","Tue Jan 06 05:24:00 UTC 2026","StatusSchema Tests","WordPress API Schema Tests","",""
"","2592","SMTPService - Should fail to send email with invalid options","@withstudiocms/effect Package Tests","Tue Jan 06 05:24:08 UTC 2026","passed","Tue Jan 06 05:24:11 UTC 2026","Mail Sending Tests","SMTP Service Tests","",""
"","73","Integration Utils - Endpoint / responds correctly","@withstudiocms/config-utils Package Tests","Tue Jan 06 05:24:53 UTC 2026","passed","Tue Jan 06 05:24:53 UTC 2026","Endpoint Tests","Integration Tests","",""
"","0","Middleware - matchFilterCheck","@withstudiocms/effect Package Tests","Tue Jan 06 05:24:21 UTC 2026","passed","Tue Jan 06 05:24:21 UTC 2026","matchFilterCheck Tests","Middleware Utility Tests","",""
"","56","Layout renders correctly","@studiocms/blog Package Tests","Tue Jan 06 05:24:23 UTC 2026","passed","Tue Jan 06 05:24:23 UTC 2026","Layout Component Tests","Layout Component Tests","",""
"","1","VirtualModuleBuilder - namedVirtual re-exports named export","studiocms Package Tests","Tue Jan 06 05:24:17 UTC 2026","passed","Tue Jan 06 05:24:17 UTC 2026","VirtualModuleBuilder - namedVirtual test","Virtual Module Utils tests","",""
"","1","Errors - prefixError - Basic Functionality","@withstudiocms/component-registry Package Tests","Tue Jan 06 05:24:20 UTC 2026","passed","Tue Jan 06 05:24:20 UTC 2026","prefixError Tests","Error Tests","",""
"","1","useTranslations returns correct translation for key ""description""","studiocms Package Tests","Tue Jan 06 05:24:26 UTC 2026","passed","Tue Jan 06 05:24:26 UTC 2026","useTranslations tests","i18n Server Virtuals tests","",""
"","0","Libravatar Utils - sanitizedTarget","@withstudiocms/auth-kit Package Tests","Tue Jan 06 05:24:12 UTC 2026","passed","Tue Jan 06 05:24:12 UTC 2026","sanitizedTarget Tests","Libravatar Utility Tests","",""
"","1","User Utility - getLevel","@withstudiocms/auth-kit Package Tests","Tue Jan 06 05:24:24 UTC 2026","passed","Tue Jan 06 05:24:24 UTC 2026","getLevel Tests","User Utility Tests","",""
"","0","stripLeadingSlash('/hello/world') should return 'hello/world'","@studiocms/devapps Package Tests","Tue Jan 06 05:24:22 UTC 2026","passed","Tue Jan 06 05:24:22 UTC 2026","stripLeadingSlash Tests","pathGenerator Utility Function Tests","",""
"","4","Plugin Creation - Validates Plugin Structure","@studiocms/auth0 Package Tests","Tue Jan 06 05:24:31 UTC 2026","passed","Tue Jan 06 05:24:31 UTC 2026","Plugin Creation Tests","Auth0 Plugin Tests","",""
"","0","PostFormatSchema should validate value: ""image""","@studiocms/devapps Package Tests","Tue Jan 06 05:24:00 UTC 2026","passed","Tue Jan 06 05:24:00 UTC 2026","PostFormatSchema Tests","WordPress API Schema Tests","",""
"","1","sortByDate test case #6","studiocms Package Tests","Tue Jan 06 05:24:36 UTC 2026","passed","Tue Jan 06 05:24:36 UTC 2026","sortByDate test","Components Utils tests","",""
"","3","renders markdown correctly for flavor: astro","@studiocms/md Package Tests","Tue Jan 06 05:24:43 UTC 2026","passed","Tue Jan 06 05:24:43 UTC 2026","Markdown Rendering Tests","markdown-prerender Module Tests","",""
"","0","Utility - getIndent returns """" for input ""hello world""","@withstudiocms/component-registry Package Tests","Tue Jan 06 05:24:04 UTC 2026","passed","Tue Jan 06 05:24:04 UTC 2026","getIndent Tests","Utility Tests","",""
"","0","should correctly parse custom config","@studiocms/blog Package Tests","Tue Jan 06 05:24:21 UTC 2026","passed","Tue Jan 06 05:24:21 UTC 2026","FrontEndConfigSchema Custom Config Tests","Type Definitions Tests","",""
"","1","RenderedProtectData should validate rendered protected data structure","@studiocms/devapps Package Tests","Tue Jan 06 05:24:00 UTC 2026","passed","Tue Jan 06 05:24:00 UTC 2026","RenderedProtectData Tests","WordPress API Schema Tests","",""
"","0","Const: NotificationSettingsDefaults.emailVerification","studiocms Package Tests","Tue Jan 06 05:24:11 UTC 2026","passed","Tue Jan 06 05:24:11 UTC 2026","Const: NotificationSettingsDefaults.emailVerification","consts.ts tests","",""
"","0","renderMarkDoc handles complex content","@studiocms/markdoc Package Tests","Tue Jan 06 05:24:12 UTC 2026","passed","Tue Jan 06 05:24:12 UTC 2026","renderMarkDoc Function Tests","MarkDoc Render Library Tests","",""
"","4","ColumnTypesId symbol","@withstudiocms/kysely Package Tests","Tue Jan 06 05:24:46 UTC 2026","passed","Tue Jan 06 05:24:46 UTC 2026","ColumnTypesId Symbol","Schema Definitions","",""
"","0","isFaviconExt should return true for valid extension","@studiocms/blog Package Tests","Tue Jan 06 05:24:21 UTC 2026","passed","Tue Jan 06 05:24:21 UTC 2026","isFaviconExt Function Tests","Type Definitions Tests","",""
"","5","Editor with complex content","@studiocms/markdoc Package Tests","Tue Jan 06 05:24:31 UTC 2026","passed","Tue Jan 06 05:24:31 UTC 2026","Editor Component Tests","Editor Component Tests","",""
"","0","Default Values Test #2","@studiocms/html Package Tests","Tue Jan 06 05:24:47 UTC 2026","passed","Tue Jan 06 05:24:47 UTC 2026","Default Values Tests","HTMLSchema Type Tests","",""
"","2","validateHost throws for invalid host: 123","studiocms Package Tests","Tue Jan 06 05:24:09 UTC 2026","passed","Tue Jan 06 05:24:09 UTC 2026","validateHost invalid host tests","Robots Core Utils","",""
"","23","Config Loader - bundleConfigFile","@withstudiocms/config-utils Package Tests","Tue Jan 06 05:24:06 UTC 2026","passed","Tue Jan 06 05:24:06 UTC 2026","bundleConfigFile Tests","Config Loader Tests","",""
"","0","replaceCodePoint with input: 1114112","@withstudiocms/component-registry Package Tests","Tue Jan 06 05:24:15 UTC 2026","passed","Tue Jan 06 05:24:15 UTC 2026","replaceCodePoint Tests","Component Proxy Tests","",""
"","1","User Module - isUserAllowed Tests","@withstudiocms/auth-kit Package Tests","Tue Jan 06 05:24:05 UTC 2026","passed","Tue Jan 06 05:24:05 UTC 2026","isUserAllowed Tests","User Module Tests","",""
"","0","UseBlogPkgConfig - should create config with useBlogPkg: false","@studiocms/devapps Package Tests","Tue Jan 06 05:24:06 UTC 2026","passed","Tue Jan 06 05:24:06 UTC 2026","UseBlogPkgConfig Tests","WordPress API Config Tests","",""
"","1","makePublicRoute('') should return 'public/studiocms-resources//'","studiocms Package Tests","Tue Jan 06 05:25:02 UTC 2026","passed","Tue Jan 06 05:25:02 UTC 2026","makePublicRoute test","Make Public Route Virtual tests","",""
"","1","authConfigSchema test case #2","studiocms Package Tests","Tue Jan 06 05:24:59 UTC 2026","passed","Tue Jan 06 05:24:59 UTC 2026","authConfigSchema tests","Config Schemas tests (Auth)","",""
"","0","Errors - prefixError - Should handle undefined error gracefully","@withstudiocms/component-registry Package Tests","Tue Jan 06 05:24:20 UTC 2026","passed","Tue Jan 06 05:24:20 UTC 2026","prefixError Tests","Error Tests","",""
"","0","Utility - convertUnderscoresToHyphens converts """" to """"","@withstudiocms/component-registry Package Tests","Tue Jan 06 05:24:04 UTC 2026","passed","Tue Jan 06 05:24:04 UTC 2026","convertUnderscoresToHyphens Tests","Utility Tests","",""
"","0","ensureTrailingSlash adds slash if missing","@withstudiocms/internal_helpers Package Tests","Tue Jan 06 05:24:10 UTC 2026","passed","Tue Jan 06 05:24:10 UTC 2026","ensureTrailingSlash adds slash if missing","Path Generators Tests","",""
"","0","decode - input: &lt;tag&gt;","@withstudiocms/component-registry Package Tests","Tue Jan 06 05:24:56 UTC 2026","passed","Tue Jan 06 05:24:56 UTC 2026","decode Tests","Component Proxy Tests","",""
"","0","Middleware - sortByPriority","@withstudiocms/effect Package Tests","Tue Jan 06 05:24:21 UTC 2026","passed","Tue Jan 06 05:24:21 UTC 2026","sortByPriority Tests","Middleware Utility Tests","",""
"","45","Session Utility - makeSessionId throws SessionError if input is not a string","@withstudiocms/auth-kit Package Tests","Tue Jan 06 05:24:43 UTC 2026","passed","Tue Jan 06 05:24:43 UTC 2026","makeSessionId Error Handling Tests","Session Utility Tests","",""
"","4","getHookResults runs studiocms:config hook correctly","studiocms Package Tests","Tue Jan 06 05:24:17 UTC 2026","passed","Tue Jan 06 05:24:17 UTC 2026","getHookResults runs studiocms:config hook correctly","StudioCMSPluginTester tests","",""
"","1","User Utility - verifyUsernameSafe","@withstudiocms/auth-kit Package Tests","Tue Jan 06 05:24:24 UTC 2026","passed","Tue Jan 06 05:24:24 UTC 2026","verifyUsernameSafe Tests","User Utility Tests","",""
"","3","measureExecutionTime test case #1","studiocms Package Tests","Tue Jan 06 05:24:45 UTC 2026","passed","Tue Jan 06 05:24:45 UTC 2026","measureExecutionTime test cases","Robots Utils","",""
"","0","renderMarkDoc with all configuration options","@studiocms/markdoc Package Tests","Tue Jan 06 05:24:12 UTC 2026","passed","Tue Jan 06 05:24:12 UTC 2026","renderMarkDoc Function Tests","MarkDoc Render Library Tests","",""
"","1","fileWithBase - Strips leading slash and prepends one","@withstudiocms/internal_helpers Package Tests","Tue Jan 06 05:24:10 UTC 2026","passed","Tue Jan 06 05:24:10 UTC 2026","fileWithBase - Strips leading slash and prepends one","Path Generators Tests","",""
"","0","should correctly parse custom config","@studiocms/blog Package Tests","Tue Jan 06 05:24:21 UTC 2026","passed","Tue Jan 06 05:24:21 UTC 2026","FrontEndConfigSchema Custom Config Tests","Type Definitions Tests","",""
"","2","StudioCMSDefaultRobotsConfig","studiocms Package Tests","Tue Jan 06 05:24:11 UTC 2026","passed","Tue Jan 06 05:24:11 UTC 2026","Function: StudioCMSDefaultRobotsConfig","consts.ts tests","",""
"","0","decodeXML with input: Caf&#233;","@withstudiocms/component-registry Package Tests","Tue Jan 06 05:24:15 UTC 2026","passed","Tue Jan 06 05:24:15 UTC 2026","decodeXML Tests","Component Proxy Tests","",""
"","3","Clack - useClackError returns Effect that fails with ClackError if error is thrown","@withstudiocms/effect Package Tests","Tue Jan 06 05:24:44 UTC 2026","passed","Tue Jan 06 05:24:44 UTC 2026","useClackError Tests","Clack Wrapper Tests","",""
"","0","Libravatar Utils - sanitizedTarget","@withstudiocms/auth-kit Package Tests","Tue Jan 06 05:24:12 UTC 2026","passed","Tue Jan 06 05:24:12 UTC 2026","sanitizedTarget Tests","Libravatar Utility Tests","",""
"","22","Scrypt - Service Tests - Should work with scrypt parameters N:4096, r:8, p:2","@withstudiocms/effect Package Tests","Tue Jan 06 05:24:01 UTC 2026","passed","Tue Jan 06 05:24:01 UTC 2026","ScryptService Tests","Scrypt Service Tests","",""
"","0","Middleware - handlerFilter","@withstudiocms/effect Package Tests","Tue Jan 06 05:24:21 UTC 2026","passed","Tue Jan 06 05:24:21 UTC 2026","handlerFilter Tests","Middleware Utility Tests","",""
"","0","Middleware - sortByPriority","@withstudiocms/effect Package Tests","Tue Jan 06 05:24:21 UTC 2026","passed","Tue Jan 06 05:24:21 UTC 2026","sortByPriority Tests","Middleware Utility Tests","",""
"","0","getHeroImage(' ', Astro) should return 'site-og.png'","@studiocms/blog Package Tests","Tue Jan 06 05:24:37 UTC 2026","passed","Tue Jan 06 05:24:37 UTC 2026","getHeroImage Tests","Component Helper Tests","",""
"","0","should create resolver from absolute path","@withstudiocms/internal_helpers Package Tests","Tue Jan 06 05:24:10 UTC 2026","passed","Tue Jan 06 05:24:10 UTC 2026","should create resolver from absolute path","Path Resolver Tests","",""
"","22","UserQuickTools custom element instantiation","studiocms Package Tests","Tue Jan 06 05:25:05 UTC 2026","passed","Tue Jan 06 05:25:05 UTC 2026","custom element instantiation","UserQuickTools Virtual Script tests","",""
"","1","VirtualModuleBuilder - ambientScripts imports all modules","studiocms Package Tests","Tue Jan 06 05:24:17 UTC 2026","passed","Tue Jan 06 05:24:17 UTC 2026","VirtualModuleBuilder - ambientScripts test","Virtual Module Utils tests","",""
"","0","parse Invalid Test Case #2","@studiocms/wysiwyg Package Tests","Tue Jan 06 05:24:37 UTC 2026","passed","Tue Jan 06 05:24:37 UTC 2026","parse Function Invalid Input Tests","Utils Tests","",""
"","0","trimInput('') should return 'undefined'","@studiocms/blog Package Tests","Tue Jan 06 05:24:37 UTC 2026","passed","Tue Jan 06 05:24:37 UTC 2026","trimInput Tests","Component Helper Tests","",""
"","1","StudioCMSRoutes.authLinks.loginURL should be defined","studiocms Package Tests","Tue Jan 06 05:24:28 UTC 2026","passed","Tue Jan 06 05:24:28 UTC 2026","StudioCMSRoutes.authLinks.loginURL test","Route Map Virtual tests","",""
"","1","Schema test case #13 | Current Schema: FinalDashboardBaseSchema","studiocms Package Tests","Tue Jan 06 05:24:25 UTC 2026","passed","Tue Jan 06 05:24:25 UTC 2026","Schema Tests","Plugins Schemas tests (Shared)","",""
"","1","resolveBuiltIns test case #3","studiocms Package Tests","Tue Jan 06 05:24:50 UTC 2026","passed","Tue Jan 06 05:24:50 UTC 2026","resolveBuiltIns tests","Integrations tests (Node Namespace Built-ins)","",""
"","0","Password Utility - verifyPasswordLength - should return ""Password must be between 6 and 255 characters long."" for input ""123""","@withstudiocms/auth-kit Package Tests","Tue Jan 06 05:24:25 UTC 2026","passed","Tue Jan 06 05:24:25 UTC 2026","verifyPasswordLength Tests","Password Utility Tests","",""
"","2","updateSelectElmLabel updates select label for ""qux"" correctly","studiocms Package Tests","Tue Jan 06 05:25:05 UTC 2026","passed","Tue Jan 06 05:25:05 UTC 2026","updateSelectElmLabel tests","i18n Client Virtuals tests","",""
"","1","TemplateEngine - Should compile templates for reuse","@withstudiocms/template-lang Package Tests","Tue Jan 06 05:23:59 UTC 2026","passed","Tue Jan 06 05:23:59 UTC 2026","TemplateEngine - Should compile templates for reuse","TemplateEngine Tests","",""
"","0","firstUpperCase('@world') should return '@world'","@studiocms/wysiwyg Package Tests","Tue Jan 06 05:24:37 UTC 2026","passed","Tue Jan 06 05:24:37 UTC 2026","firstUpperCase Function Tests","Utils Tests","",""
"","1","getLangFromUrl extracts correct language from URL ""http://localhost/dashboard""","studiocms Package Tests","Tue Jan 06 05:24:26 UTC 2026","passed","Tue Jan 06 05:24:26 UTC 2026","getLangFromUrl tests","i18n Server Virtuals tests","",""
"","1","quoteIdent correctly quotes identifier for postgres","@withstudiocms/kysely Package Tests","Tue Jan 06 05:24:16 UTC 2026","passed","Tue Jan 06 05:24:16 UTC 2026","quoteIdent Utility","Trigger Utilities","",""
"","1","generateContent generates valid robots.txt content","studiocms Package Tests","Tue Jan 06 05:24:09 UTC 2026","passed","Tue Jan 06 05:24:09 UTC 2026","generateContent valid config test","Robots Core Utils","",""
"","3","setLocals - merges security values without overwriting general/plugins","studiocms Package Tests","Tue Jan 06 05:24:18 UTC 2026","passed","Tue Jan 06 05:24:18 UTC 2026","setLocals tests - SECURITY","Middleware Utils tests","",""
"returns correct export statement for valid input","1","rendererComponentFilter - returns correct export statement for valid input","@withstudiocms/internal_helpers Package Tests","Tue Jan 06 05:24:00 UTC 2026","passed","Tue Jan 06 05:24:00 UTC 2026","rendererComponentFilter - returns correct export statement for valid input","Utility Functions","",""
"","0","should handle empty segments","@withstudiocms/internal_helpers Package Tests","Tue Jan 06 05:24:10 UTC 2026","passed","Tue Jan 06 05:24:10 UTC 2026","should handle empty segments","Path Resolver Tests","",""
"","3","dashboardConfigSchema invalid data test case #1","studiocms Package Tests","Tue Jan 06 05:24:48 UTC 2026","passed","Tue Jan 06 05:24:48 UTC 2026","dashboardConfigSchema tests","Config Schemas tests (Dashboard)","",""
"","0","should have correct type and default for blog.enableRSS","@studiocms/blog Package Tests","Tue Jan 06 05:24:21 UTC 2026","passed","Tue Jan 06 05:24:21 UTC 2026","FrontEndConfigSchema Tests","Type Definitions Tests","",""
"","1","validateUrl passes for valid sitemap url: http://example.com/sitemap.xhtml","studiocms Package Tests","Tue Jan 06 05:24:09 UTC 2026","passed","Tue Jan 06 05:24:09 UTC 2026","validateUrl valid sitemap url tests","Robots Core Utils","",""
"","1","info does not log when verbose is false","@withstudiocms/internal_helpers Package Tests","Tue Jan 06 05:23:58 UTC 2026","passed","Tue Jan 06 05:23:58 UTC 2026","integrationLogger - info method","Astro Integration Utility Tests","",""
"","0","should normalize paths correctly","@withstudiocms/internal_helpers Package Tests","Tue Jan 06 05:24:10 UTC 2026","passed","Tue Jan 06 05:24:10 UTC 2026","should normalize paths correctly","Path Resolver Tests","",""
"","0","ensureLeadingSlash('hello/world') should return '/hello/world'","@studiocms/devapps Package Tests","Tue Jan 06 05:24:22 UTC 2026","passed","Tue Jan 06 05:24:22 UTC 2026","ensureLeadingSlash Tests","pathGenerator Utility Function Tests","",""
"","1","safeString test case #4","studiocms Package Tests","Tue Jan 06 05:24:57 UTC 2026","passed","Tue Jan 06 05:24:57 UTC 2026","safeString tests","Dynamic Sitemap Integration and Utils","",""
"","0","DownloadPostImageConfig - should ensure config is defined","@studiocms/devapps Package Tests","Tue Jan 06 05:24:06 UTC 2026","passed","Tue Jan 06 05:24:06 UTC 2026","Configuration Validation Tests","WordPress API Config Tests","",""
"","0","Const: LinkNewOAuthCookieName","studiocms Package Tests","Tue Jan 06 05:24:11 UTC 2026","passed","Tue Jan 06 05:24:11 UTC 2026","Const: LinkNewOAuthCookieName","consts.ts tests","",""
"","43","Encryption Module - decrypt throws DecryptionError on invalid data","@withstudiocms/auth-kit Package Tests","Tue Jan 06 05:24:36 UTC 2026","passed","Tue Jan 06 05:24:36 UTC 2026","decrypt Error Handling Tests","Encryption Module Tests","",""
"","1","StudioCMSOptionsSchema specific field test case #5","studiocms Package Tests","Tue Jan 06 05:24:32 UTC 2026","passed","Tue Jan 06 05:24:32 UTC 2026","StudioCMSOptionsSchema tests","Config Schemas tests (Index)","",""
"","0","parseCallouts returns correct value for opt: github","@studiocms/md Package Tests","Tue Jan 06 05:24:43 UTC 2026","passed","Tue Jan 06 05:24:43 UTC 2026","parseCallouts Tests","markdown-prerender Module Tests","",""
"","1","buildSQLiteTriggerSQL builds correct SQL","@withstudiocms/kysely Package Tests","Tue Jan 06 05:24:16 UTC 2026","passed","Tue Jan 06 05:24:16 UTC 2026","buildSQLiteTriggerSQL Utility","Trigger Utilities","",""
"","0","ensureTrailingSlash adds slash if missing","@withstudiocms/internal_helpers Package Tests","Tue Jan 06 05:24:10 UTC 2026","passed","Tue Jan 06 05:24:10 UTC 2026","ensureTrailingSlash adds slash if missing","Path Generators Tests","",""
"","1","GeneratedAlways columns are marked correctly","@withstudiocms/kysely Package Tests","Tue Jan 06 05:24:46 UTC 2026","passed","Tue Jan 06 05:24:46 UTC 2026","GeneratedAlways Columns","Schema Definitions","",""
"","0","parseCallouts returns correct value for opt: undefined","@studiocms/md Package Tests","Tue Jan 06 05:24:43 UTC 2026","passed","Tue Jan 06 05:24:43 UTC 2026","parseCallouts Tests","markdown-prerender Module Tests","",""
"","2","Shared Object Tests","@studiocms/html Package Tests","Tue Jan 06 05:24:37 UTC 2026","passed","Tue Jan 06 05:24:37 UTC 2026","Shared Object Tests","Shared Module Tests","",""
"","2","Session Module - createUserSession creates session and sets cookie","@withstudiocms/auth-kit Package Tests","Tue Jan 06 05:24:13 UTC 2026","passed","Tue Jan 06 05:24:13 UTC 2026","createUserSession Tests","Session Module Tests","",""
"","6","info logs message at specified logLevel when verbose is true","@withstudiocms/internal_helpers Package Tests","Tue Jan 06 05:23:58 UTC 2026","passed","Tue Jan 06 05:23:58 UTC 2026","integrationLogger - info method","Astro Integration Utility Tests","",""
"","0","CheckIfUnsafe.password - should return false for password ""uniquepassword123""","@withstudiocms/auth-kit Package Tests","Tue Jan 06 05:24:58 UTC 2026","passed","Tue Jan 06 05:24:58 UTC 2026","CheckIfUnsafe.password Tests","CheckIfUnsafe Tests","",""
"","6","should have correct type and default for htmlDefaultLanguage","@studiocms/blog Package Tests","Tue Jan 06 05:24:21 UTC 2026","passed","Tue Jan 06 05:24:21 UTC 2026","FrontEndConfigSchema Tests","Type Definitions Tests","",""
"","1","generateContent throws for invalid config: {""policy"":[{""userAgent"":""*"",""allow"":[],""disallow"":[]}],""sitemap"":false,""host"":false}","studiocms Package Tests","Tue Jan 06 05:24:09 UTC 2026","passed","Tue Jan 06 05:24:09 UTC 2026","generateContent invalid config tests","Robots Core Utils","",""
"","322","Kysely migrator can perform migrations","@withstudiocms/kysely Package Tests","Tue Jan 06 05:24:59 UTC 2026","passed","Tue Jan 06 05:25:00 UTC 2026","Kysely migrator can perform migrations","Migrator Core Functionality","",""
"","8","authConfigSchema test case #1","studiocms Package Tests","Tue Jan 06 05:24:59 UTC 2026","passed","Tue Jan 06 05:24:59 UTC 2026","authConfigSchema tests","Config Schemas tests (Auth)","",""
"","4","CheckIfUnsafe.username - should return true for username ""admin""","@withstudiocms/auth-kit Package Tests","Tue Jan 06 05:24:58 UTC 2026","passed","Tue Jan 06 05:24:58 UTC 2026","CheckIfUnsafe.username Tests","CheckIfUnsafe Tests","",""
"","44","Password Utility - breakSecurePassword throws error for input ""badformat""","@withstudiocms/auth-kit Package Tests","Tue Jan 06 05:24:25 UTC 2026","passed","Tue Jan 06 05:24:25 UTC 2026","breakSecurePassword Error Handling Tests","Password Utility Tests","",""
"","0","WYSIWYGSchema Test Case #2","@studiocms/wysiwyg Package Tests","Tue Jan 06 05:24:35 UTC 2026","passed","Tue Jan 06 05:24:35 UTC 2026","WYSIWYGSchema Validation Tests","WYSIWYG Types Tests","",""
"","0","Utility - dedent correctly dedents input","@withstudiocms/component-registry Package Tests","Tue Jan 06 05:24:04 UTC 2026","passed","Tue Jan 06 05:24:04 UTC 2026","dedent Tests","Utility Tests","",""
"","0","Utility - integrationLogger does not log info/debug when verbose is false for logLevel warn","@withstudiocms/component-registry Package Tests","Tue Jan 06 05:24:04 UTC 2026","passed","Tue Jan 06 05:24:04 UTC 2026","integrationLogger Tests","Utility Tests","",""
"","0","decodeXML with input: foo &lt; bar &gt; baz","@withstudiocms/component-registry Package Tests","Tue Jan 06 05:24:15 UTC 2026","passed","Tue Jan 06 05:24:15 UTC 2026","decodeXML Tests","Component Proxy Tests","",""
"","6","Response Helpers - OptionsResponse","@withstudiocms/effect Package Tests","Tue Jan 06 05:24:09 UTC 2026","passed","Tue Jan 06 05:24:09 UTC 2026","OptionsResponse Tests","Response Helpers Tests","",""
"","1","Const: makeDashboardRoute with root","studiocms Package Tests","Tue Jan 06 05:24:11 UTC 2026","passed","Tue Jan 06 05:24:11 UTC 2026","Const: makeDashboardRoute with root","consts.ts tests","",""
"","0","Zod Utils - parseAndMerge Tests","@withstudiocms/config-utils Package Tests","Tue Jan 06 05:24:28 UTC 2026","passed","Tue Jan 06 05:24:28 UTC 2026","parseAndMerge Test Set","Zod Utility Tests","",""
"","19","ComponentRegistry - registerComponentFromFile - custom name","@withstudiocms/component-registry Package Tests","Tue Jan 06 05:24:01 UTC 2026","passed","Tue Jan 06 05:24:01 UTC 2026","registerComponentFromFile Tests","Component Registry Tests","",""
"","1","staticPaths generates correct paths","studiocms Package Tests","Tue Jan 06 05:24:26 UTC 2026","passed","Tue Jan 06 05:24:26 UTC 2026","staticPaths tests","i18n Server Virtuals tests","",""
"","2","buildMySQLTriggerSQL builds correct SQL","@withstudiocms/kysely Package Tests","Tue Jan 06 05:24:16 UTC 2026","passed","Tue Jan 06 05:24:16 UTC 2026","buildMySQLTriggerSQL Utility","Trigger Utilities","",""
"","1","sortByDate test case #7","studiocms Package Tests","Tue Jan 06 05:24:36 UTC 2026","passed","Tue Jan 06 05:24:36 UTC 2026","sortByDate test","Components Utils tests","",""
"","15","detectRemovedTables identifies removed tables correctly","@withstudiocms/kysely Package Tests","Tue Jan 06 05:25:02 UTC 2026","passed","Tue Jan 06 05:25:02 UTC 2026","detectRemovedTables Utility","Table Utilities","",""
"","31","ComponentRegistry - getComponentProps - unregistered component","@withstudiocms/component-registry Package Tests","Tue Jan 06 05:24:01 UTC 2026","passed","Tue Jan 06 05:24:01 UTC 2026","getComponentProps Tests","Component Registry Tests","",""
"","0","decodeHTML with input: Euro: &euro;","@withstudiocms/component-registry Package Tests","Tue Jan 06 05:24:15 UTC 2026","passed","Tue Jan 06 05:24:15 UTC 2026","decodeHTML Tests","Component Proxy Tests","",""
"","4","Clack - ClackError sets tag and cause","@withstudiocms/effect Package Tests","Tue Jan 06 05:24:44 UTC 2026","passed","Tue Jan 06 05:24:44 UTC 2026","ClackError Tests","Clack Wrapper Tests","",""
"","0","User Utility - getLevel","@withstudiocms/auth-kit Package Tests","Tue Jan 06 05:24:24 UTC 2026","passed","Tue Jan 06 05:24:24 UTC 2026","getLevel Tests","User Utility Tests","",""
"","0","TemplateEngine - Should handle empty templates","@withstudiocms/template-lang Package Tests","Tue Jan 06 05:23:59 UTC 2026","passed","Tue Jan 06 05:23:59 UTC 2026","TemplateEngine - Should handle empty templates","TemplateEngine Tests","",""
"","0","Errors - prefixError - Handle errors without message property","@withstudiocms/component-registry Package Tests","Tue Jan 06 05:24:20 UTC 2026","passed","Tue Jan 06 05:24:20 UTC 2026","prefixError Tests","Error Tests","",""
"","2","Deepmerge - Effect Service - respects custom options for merging arrays","@withstudiocms/effect Package Tests","Tue Jan 06 05:24:30 UTC 2026","passed","Tue Jan 06 05:24:30 UTC 2026","Deepmerge Effect Service Tests","Deepmerge Utility Tests","",""
"","1","User Module - getUserData returns logged out session if no user","@withstudiocms/auth-kit Package Tests","Tue Jan 06 05:24:05 UTC 2026","passed","Tue Jan 06 05:24:05 UTC 2026","getUserData Tests","User Module Tests","",""
"","10","ComponentRegistry - validateProps - both missing and unknown props","@withstudiocms/component-registry Package Tests","Tue Jan 06 05:24:01 UTC 2026","passed","Tue Jan 06 05:24:01 UTC 2026","validateProps Tests","Component Registry Tests","",""
"","0","decodeCodePoint with input: 153 (Deprecated)","@withstudiocms/component-registry Package Tests","Tue Jan 06 05:24:48 UTC 2026","passed","Tue Jan 06 05:24:48 UTC 2026","decodeCodePoint Tests (Deprecated)","Component Proxy Tests","",""
"","0","Schema Validation Test #2","@studiocms/html Package Tests","Tue Jan 06 05:24:47 UTC 2026","passed","Tue Jan 06 05:24:47 UTC 2026","Schema Validation Tests","HTMLSchema Type Tests","",""
"","1","toUpperKeyword correctly uppercases SQL keyword ""select""","@withstudiocms/kysely Package Tests","Tue Jan 06 05:24:16 UTC 2026","passed","Tue Jan 06 05:24:16 UTC 2026","toUpperKeyword Utility","Trigger Utilities","",""
"","0","Libravatar Utils - srvHostname with 0 records","@withstudiocms/auth-kit Package Tests","Tue Jan 06 05:24:12 UTC 2026","passed","Tue Jan 06 05:24:12 UTC 2026","srvHostname Tests","Libravatar Utility Tests","",""
"","1","StudioCMSRoutes.authLinks.oAuthCallback should be defined","studiocms Package Tests","Tue Jan 06 05:24:28 UTC 2026","passed","Tue Jan 06 05:24:28 UTC 2026","StudioCMSRoutes.authLinks.oAuthCallback test","Route Map Virtual tests","",""
"","0","WYSIWYGSchema Test Case #4","@studiocms/wysiwyg Package Tests","Tue Jan 06 05:24:35 UTC 2026","passed","Tue Jan 06 05:24:35 UTC 2026","WYSIWYGSchema Validation Tests","WYSIWYG Types Tests","",""
"","0","Const: NotificationSettingsDefaults.oAuthBypassVerification","studiocms Package Tests","Tue Jan 06 05:24:11 UTC 2026","passed","Tue Jan 06 05:24:11 UTC 2026","Const: NotificationSettingsDefaults.oAuthBypassVerification","consts.ts tests","",""
"","1","parseCallouts returns correct value for opt: false","@studiocms/md Package Tests","Tue Jan 06 05:24:43 UTC 2026","passed","Tue Jan 06 05:24:43 UTC 2026","parseCallouts Tests","markdown-prerender Module Tests","",""
"","1","measureExecutionTime test case #2","studiocms Package Tests","Tue Jan 06 05:24:45 UTC 2026","passed","Tue Jan 06 05:24:45 UTC 2026","measureExecutionTime test cases","Robots Utils","",""
"","0","Libravatar Utils - serviceName for domain ""null"" with https=true","@withstudiocms/auth-kit Package Tests","Tue Jan 06 05:24:12 UTC 2026","passed","Tue Jan 06 05:24:12 UTC 2026","serviceName Tests","Libravatar Utility Tests","",""
"","0","TemplateRenderer - Number conversion to string","@withstudiocms/template-lang Package Tests","Tue Jan 06 05:23:59 UTC 2026","passed","Tue Jan 06 05:23:59 UTC 2026","TemplateRenderer - Number conversion to string","TemplateRenderer Tests","",""
"","2","should handle malformed MDX content","@studiocms/mdx Package Tests","Tue Jan 06 05:24:07 UTC 2026","passed","Tue Jan 06 05:24:07 UTC 2026","MDX Rendering Tests","renderMDX Function Tests","",""
"","3","should render MDX content with JSX components","@studiocms/mdx Package Tests","Tue Jan 06 05:24:07 UTC 2026","passed","Tue Jan 06 05:24:07 UTC 2026","MDX Rendering Tests","renderMDX Function Tests","",""
"","1","Scrypt - ScryptConfigOptions should accept Buffer as encryptionKey","@withstudiocms/effect Package Tests","Tue Jan 06 05:24:00 UTC 2026","passed","Tue Jan 06 05:24:00 UTC 2026","ScryptConfigOptions Tests","Scrypt Service Tests","",""
"","0","WYSIWYGSchema Invalid Test Case #6","@studiocms/wysiwyg Package Tests","Tue Jan 06 05:24:35 UTC 2026","passed","Tue Jan 06 05:24:35 UTC 2026","WYSIWYGSchema Invalid Input Tests","WYSIWYG Types Tests","",""
"","0","Middleware - matchFilterCheck","@withstudiocms/effect Package Tests","Tue Jan 06 05:24:21 UTC 2026","passed","Tue Jan 06 05:24:21 UTC 2026","matchFilterCheck Tests","Middleware Utility Tests","",""
"","4","Virtual Components Container tests - Generator component","studiocms Package Tests","Tue Jan 06 05:24:57 UTC 2026","passed","Tue Jan 06 05:24:57 UTC 2026","Virtual Components Container tests - Generator component","Virtual Components Container tests","",""
"","1","Const: NotificationSettingsDefaults.requireAdminVerification","studiocms Package Tests","Tue Jan 06 05:24:11 UTC 2026","passed","Tue Jan 06 05:24:11 UTC 2026","Const: NotificationSettingsDefaults.requireAdminVerification","consts.ts tests","",""
"","11","Context Utils - parseAPIContextJson","@withstudiocms/effect Package Tests","Tue Jan 06 05:24:13 UTC 2026","passed","Tue Jan 06 05:24:13 UTC 2026","parseAPIContextJson Tests","Context Utils Tests","",""
"","2","should handle invalid options gracefully","@studiocms/devapps Package Tests","Tue Jan 06 05:24:51 UTC 2026","passed","Tue Jan 06 05:24:51 UTC 2026","Integration Creation Tests","StudioCMS DevApps Integration Tests","",""
"","1","sortByDate test case #5","studiocms Package Tests","Tue Jan 06 05:24:36 UTC 2026","passed","Tue Jan 06 05:24:36 UTC 2026","sortByDate test","Components Utils tests","",""
"","0","decodeHTML with input: A&#x41;B","@withstudiocms/component-registry Package Tests","Tue Jan 06 05:24:15 UTC 2026","passed","Tue Jan 06 05:24:15 UTC 2026","decodeHTML Tests","Component Proxy Tests","",""
"","4","Password Utility - buildSecurePassword returns correct format","@withstudiocms/auth-kit Package Tests","Tue Jan 06 05:24:25 UTC 2026","passed","Tue Jan 06 05:24:25 UTC 2026","buildSecurePassword Tests","Password Utility Tests","",""
"","0","createWindowElement should create window element with correct properties","@studiocms/devapps Package Tests","Tue Jan 06 05:24:16 UTC 2026","passed","Tue Jan 06 05:24:16 UTC 2026","createWindowElement Tests","app-utils Utility Function Tests","",""
"","1","generateHostContent returns empty string for host: false","studiocms Package Tests","Tue Jan 06 05:24:09 UTC 2026","passed","Tue Jan 06 05:24:09 UTC 2026","generateHostContent tests","Robots Core Utils","",""
"","1","sortByDate test case #2","studiocms Package Tests","Tue Jan 06 05:24:36 UTC 2026","passed","Tue Jan 06 05:24:36 UTC 2026","sortByDate test","Components Utils tests","",""
"","1","PostFormatSchema should reject invalid value: ""null""","@studiocms/devapps Package Tests","Tue Jan 06 05:24:00 UTC 2026","passed","Tue Jan 06 05:24:00 UTC 2026","PostFormatSchema Tests","WordPress API Schema Tests","",""
"","0","ImportPostsEndpointConfig - should ensure config is defined","@studiocms/devapps Package Tests","Tue Jan 06 05:24:06 UTC 2026","passed","Tue Jan 06 05:24:06 UTC 2026","Configuration Validation Tests","WordPress API Config Tests","",""
"","3","Scrypt - Service Tests - Should work with scrypt parameters N:1024, r:4, p:1","@withstudiocms/effect Package Tests","Tue Jan 06 05:24:01 UTC 2026","passed","Tue Jan 06 05:24:01 UTC 2026","ScryptService Tests","Scrypt Service Tests","",""
"","3","Deepmerge - Effect Service - throws an error if the service merge function throws","@withstudiocms/effect Package Tests","Tue Jan 06 05:24:30 UTC 2026","passed","Tue Jan 06 05:24:30 UTC 2026","Deepmerge Effect Service Tests","Deepmerge Utility Tests","",""
"","2","getUserPermissionLevel test case #3","studiocms Package Tests","Tue Jan 06 05:24:18 UTC 2026","passed","Tue Jan 06 05:24:18 UTC 2026","getUserPermissionLevel tests","Middleware Utils tests","",""
"","1","SDKCacheSchema test case #3","studiocms Package Tests","Tue Jan 06 05:24:22 UTC 2026","passed","Tue Jan 06 05:24:22 UTC 2026","SDKCacheSchema tests","Config Schemas tests (SDK)","",""
"parses semver categories and changes from changelog markdown","20","loadChangelog - parses semver categories and changes","@withstudiocms/internal_helpers Package Tests","Tue Jan 06 05:24:00 UTC 2026","passed","Tue Jan 06 05:24:00 UTC 2026","loadChangelog - parses semver categories and changes","Utility Functions","",""
"","0","Utility - convertHyphensToUnderscores converts ""hello--world"" to ""hello__world""","@withstudiocms/component-registry Package Tests","Tue Jan 06 05:24:04 UTC 2026","passed","Tue Jan 06 05:24:04 UTC 2026","convertHyphensToUnderscores Tests","Utility Tests","",""
"","1","makePasswordModConfig - environment variable overrides work correctly","@withstudiocms/auth-kit Package Tests","Tue Jan 06 05:24:11 UTC 2026","passed","Tue Jan 06 05:24:11 UTC 2026","makePasswordModConfig Tests","Config Tests","",""
"","7","KyselyTableManager can Handle default values in table definitions","@withstudiocms/kysely Package Tests","Tue Jan 06 05:24:08 UTC 2026","passed","Tue Jan 06 05:24:08 UTC 2026","KyselyTableManager can Handle default values in table definitions","Plugin Utilities","",""
"","3","produces an effect that dies with the correct error message for SqlError","@withstudiocms/kysely Package Tests","Tue Jan 06 05:25:01 UTC 2026","passed","Tue Jan 06 05:25:01 UTC 2026","handleCause Utility","Error Utilities","",""
"","1","validateUrl throws for invalid sitemap url: ftp://example.com/sitemap.xml","studiocms Package Tests","Tue Jan 06 05:24:09 UTC 2026","passed","Tue Jan 06 05:24:09 UTC 2026","validateUrl invalid sitemap url tests","Robots Core Utils","",""
"","0","trimInput('
	foo bar	
') should return 'foo bar'","@studiocms/blog Package Tests","Tue Jan 06 05:24:37 UTC 2026","passed","Tue Jan 06 05:24:37 UTC 2026","trimInput Tests","Component Helper Tests","",""
"lowercases the result","0","convertToSafeString - lowercases the result","@withstudiocms/internal_helpers Package Tests","Tue Jan 06 05:24:00 UTC 2026","passed","Tue Jan 06 05:24:00 UTC 2026","convertToSafeString - lowercases the result","Utility Functions","",""
"","1","StudioCMSSanitizeOptionsSchema test case #2","studiocms Package Tests","Tue Jan 06 05:24:26 UTC 2026","passed","Tue Jan 06 05:24:26 UTC 2026","StudioCMSSanitizeOptionsSchema tests","Plugins Schemas tests","",""
"","2","makePasswordModConfig with CMS_ENCRYPTION_KEY="""" throws error","@withstudiocms/auth-kit Package Tests","Tue Jan 06 05:24:11 UTC 2026","passed","Tue Jan 06 05:24:11 UTC 2026","makePasswordModConfig Tests","Config Tests","",""
"","1","sitemap-index.xml template generates correct XML for empty entries","studiocms Package Tests","Tue Jan 06 05:24:25 UTC 2026","passed","Tue Jan 06 05:24:25 UTC 2026","template tests","Dynamic Sitemap - sitemap-index.xml","",""
"","1","shouldSkipRendering('/_studiocms-devapps/') should return true","studiocms Package Tests","Tue Jan 06 05:25:05 UTC 2026","passed","Tue Jan 06 05:25:05 UTC 2026","shouldSkipRendering('/_studiocms-devapps/') should return true","UserQuickTools Virtual Script tests","",""
"","1","Buildkit CLI - help command with invalid command","@withstudiocms/buildkit Package Tests","Tue Jan 06 05:24:31 UTC 2026","passed","Tue Jan 06 05:24:31 UTC 2026","Buildkit CLI - help command with invalid command","CLI Tests","",""
"","2","Schema test case #3 | Current Schema: StudioCMSColorway","studiocms Package Tests","Tue Jan 06 05:24:25 UTC 2026","passed","Tue Jan 06 05:24:25 UTC 2026","Schema Tests","Plugins Schemas tests (Shared)","",""
"","0","DownloadImageConfig - should create config with imageUrl: https://example.com/image.jpg","@studiocms/devapps Package Tests","Tue Jan 06 05:24:06 UTC 2026","passed","Tue Jan 06 05:24:06 UTC 2026","DownloadImageConfig Tests","WordPress API Config Tests","",""
"","9","Kysely client handles withEncoder and withCodec correctly","@withstudiocms/kysely Package Tests","Tue Jan 06 05:24:27 UTC 2026","passed","Tue Jan 06 05:24:27 UTC 2026","Kysely client handles withEncoder and withCodec correctly","Client Core Functionality","",""
"","1","getUrlParam should return correct value for param","studiocms Package Tests","Tue Jan 06 05:24:35 UTC 2026","passed","Tue Jan 06 05:24:35 UTC 2026","getUrlParam tests","oAuthUtils tests","",""
"","9","User Utility - verifyUsernameSafe","@withstudiocms/auth-kit Package Tests","Tue Jan 06 05:24:24 UTC 2026","passed","Tue Jan 06 05:24:24 UTC 2026","verifyUsernameSafe Tests","User Utility Tests","",""
"","1","verifyUserPermissionLevel('visitor', 'visitor') should return true","studiocms Package Tests","Tue Jan 06 05:25:05 UTC 2026","passed","Tue Jan 06 05:25:05 UTC 2026","verifyUserPermissionLevel('visitor', 'visitor') should return true","UserQuickTools Virtual Script tests","",""
"","0","parse('null') should return expected object","@studiocms/wysiwyg Package Tests","Tue Jan 06 05:24:37 UTC 2026","passed","Tue Jan 06 05:24:37 UTC 2026","parse Function Tests","Utils Tests","",""
"","1","API Route - EffectAPIRouteBuilder","@withstudiocms/effect Package Tests","Tue Jan 06 05:24:03 UTC 2026","passed","Tue Jan 06 05:24:03 UTC 2026","EffectAPIRouteBuilder Tests","API Route Helpers Tests","",""
"","0","TemplateParser - Should return false when no variables exist (1)","@withstudiocms/template-lang Package Tests","Tue Jan 06 05:23:59 UTC 2026","passed","Tue Jan 06 05:23:59 UTC 2026","TemplateParser - Should return false when no variables exist (1)","TemplateParser Tests","",""
"","0","Middleware - matchFilterCheck","@withstudiocms/effect Package Tests","Tue Jan 06 05:24:21 UTC 2026","passed","Tue Jan 06 05:24:21 UTC 2026","matchFilterCheck Tests","Middleware Utility Tests","",""
"","3","OpenClosedSchema should validate value: ""open""","@studiocms/devapps Package Tests","Tue Jan 06 05:24:00 UTC 2026","passed","Tue Jan 06 05:24:00 UTC 2026","OpenClosedSchema Tests","WordPress API Schema Tests","",""
"","0","Utility - convertUnderscoresToHyphens converts ""helloworld"" to ""helloworld""","@withstudiocms/component-registry Package Tests","Tue Jan 06 05:24:04 UTC 2026","passed","Tue Jan 06 05:24:04 UTC 2026","convertUnderscoresToHyphens Tests","Utility Tests","",""
"","4","Watcher Utils - exists Tests","@withstudiocms/config-utils Package Tests","Tue Jan 06 05:24:42 UTC 2026","passed","Tue Jan 06 05:24:42 UTC 2026","exists Test Set","Watcher Utility Tests","",""
"","0","Middleware - handlerFilter","@withstudiocms/effect Package Tests","Tue Jan 06 05:24:21 UTC 2026","passed","Tue Jan 06 05:24:21 UTC 2026","handlerFilter Tests","Middleware Utility Tests","",""
"","0","Libravatar Utils - sanitizedTarget","@withstudiocms/auth-kit Package Tests","Tue Jan 06 05:24:12 UTC 2026","passed","Tue Jan 06 05:24:12 UTC 2026","sanitizedTarget Tests","Libravatar Utility Tests","",""
"","2","Schema test case #4 | Current Schema: FieldSchema","studiocms Package Tests","Tue Jan 06 05:24:25 UTC 2026","passed","Tue Jan 06 05:24:25 UTC 2026","Schema Tests","Plugins Schemas tests (Shared)","",""
"","1","Default Template Engine tests - userInvite template","studiocms Package Tests","Tue Jan 06 05:24:54 UTC 2026","passed","Tue Jan 06 05:24:54 UTC 2026","Default Template Engine tests - userInvite template","Default Template Engine tests","",""
"","9","getUserPermissions test case #2","studiocms Package Tests","Tue Jan 06 05:24:18 UTC 2026","passed","Tue Jan 06 05:24:18 UTC 2026","getUserPermissions tests","Middleware Utils tests","",""
"","1","defineStudioCMSConfig should return the config object unchanged","studiocms Package Tests","Tue Jan 06 05:24:53 UTC 2026","passed","Tue Jan 06 05:24:53 UTC 2026","defineStudioCMSConfig tests","config.ts tests","",""
"","0","isFaviconExt should return true for valid extension","@studiocms/blog Package Tests","Tue Jan 06 05:24:21 UTC 2026","passed","Tue Jan 06 05:24:21 UTC 2026","isFaviconExt Function Tests","Type Definitions Tests","",""
"","1","User Module - getUserPasswordHash returns the user password","@withstudiocms/auth-kit Package Tests","Tue Jan 06 05:24:05 UTC 2026","passed","Tue Jan 06 05:24:05 UTC 2026","getUserPasswordHash Tests","User Module Tests","",""
"","1","OpenClosedSchema should reject invalid value: ""null""","@studiocms/devapps Package Tests","Tue Jan 06 05:24:00 UTC 2026","passed","Tue Jan 06 05:24:00 UTC 2026","OpenClosedSchema Tests","WordPress API Schema Tests","",""
"","1","Const: Next_NotificationSettingsId","studiocms Package Tests","Tue Jan 06 05:24:11 UTC 2026","passed","Tue Jan 06 05:24:11 UTC 2026","Const: Next_NotificationSettingsId","consts.ts tests","",""
"","0","Libravatar Utils - sanitizedTarget","@withstudiocms/auth-kit Package Tests","Tue Jan 06 05:24:12 UTC 2026","passed","Tue Jan 06 05:24:12 UTC 2026","sanitizedTarget Tests","Libravatar Utility Tests","",""
"","42","Layout Container tests - FirstTimeSetupLayout component","studiocms Package Tests","Tue Jan 06 05:25:00 UTC 2026","passed","Tue Jan 06 05:25:00 UTC 2026","Layout Container tests - FirstTimeSetupLayout component","Layout Container tests","",""
"","2","throwMsg logs and throws correctly based on type","studiocms Package Tests","Tue Jan 06 05:24:09 UTC 2026","passed","Tue Jan 06 05:24:09 UTC 2026","throwMsg tests","Robots Core Utils","",""
"","8","Plugin Hooks - Validates hook definitions","@studiocms/md Package Tests","Tue Jan 06 05:24:14 UTC 2026","passed","Tue Jan 06 05:24:14 UTC 2026","Plugin Hooks Tests","studiocmsMD Plugin Tests","",""
"","0","stripTrailingSlash removes trailing slash","@withstudiocms/internal_helpers Package Tests","Tue Jan 06 05:24:10 UTC 2026","passed","Tue Jan 06 05:24:10 UTC 2026","stripTrailingSlash removes trailing slash","Path Generators Tests","",""
"","0","remapFilterSitemap should return correct locations for filter 'docs'","@studiocms/blog Package Tests","Tue Jan 06 05:24:40 UTC 2026","passed","Tue Jan 06 05:24:40 UTC 2026","remapFilterSitemap Various Cases","remapFilter Utility Tests","",""
"","1","SDKSchema test case #4","studiocms Package Tests","Tue Jan 06 05:24:22 UTC 2026","passed","Tue Jan 06 05:24:22 UTC 2026","SDKSchema tests","Config Schemas tests (SDK)","",""
"","0","pathWithBase('hello/world', 'https://example.com') should return 'https://example.com/hello/world'","@studiocms/devapps Package Tests","Tue Jan 06 05:24:22 UTC 2026","passed","Tue Jan 06 05:24:22 UTC 2026","pathWithBase Tests","pathGenerator Utility Function Tests","",""
"","2","should have studiocms:config:setup hook defined","@studiocms/cloudinary-image-service Package Tests","Tue Jan 06 05:24:15 UTC 2026","passed","Tue Jan 06 05:24:15 UTC 2026","Config Setup Hook Tests","Cloudinary Image Service Plugin Tests","",""
"","120","Password Module - verifyPasswordHash returns false for incorrect password","@withstudiocms/auth-kit Package Tests","Tue Jan 06 05:24:38 UTC 2026","passed","Tue Jan 06 05:24:38 UTC 2026","verifyPasswordHash Tests","Password Module Tests","",""
"","1","Encryption Module - encrypt and decrypt empty string","@withstudiocms/auth-kit Package Tests","Tue Jan 06 05:24:36 UTC 2026","passed","Tue Jan 06 05:24:36 UTC 2026","encrypt/decrypt empty string Tests","Encryption Module Tests","",""
"returns empty string for input with only special characters","0","convertToSafeString - returns empty string for input with only special characters","@withstudiocms/internal_helpers Package Tests","Tue Jan 06 05:24:00 UTC 2026","passed","Tue Jan 06 05:24:00 UTC 2026","convertToSafeString - returns empty string for input with only special characters","Utility Functions","",""
"","0","should accept valid favicon extension: /favicon.png","@studiocms/blog Package Tests","Tue Jan 06 05:24:21 UTC 2026","passed","Tue Jan 06 05:24:21 UTC 2026","FrontEndConfigSchema Favicon Tests","Type Definitions Tests","",""
"","2","Buildkit CLI - build command with no entry points","@withstudiocms/buildkit Package Tests","Tue Jan 06 05:24:31 UTC 2026","passed","Tue Jan 06 05:24:31 UTC 2026","Buildkit CLI - build command with no entry points","CLI Tests","",""
"","95","Scrypt - Service Tests - Should produce different results for different inputs","@withstudiocms/effect Package Tests","Tue Jan 06 05:24:01 UTC 2026","passed","Tue Jan 06 05:24:01 UTC 2026","ScryptService Tests","Scrypt Service Tests","",""
"","0","ensureTrailingSlash adds slash if missing","@withstudiocms/internal_helpers Package Tests","Tue Jan 06 05:24:10 UTC 2026","passed","Tue Jan 06 05:24:10 UTC 2026","ensureTrailingSlash adds slash if missing","Path Generators Tests","",""
"","35","User Module - getUserPasswordHash fails if user not found","@withstudiocms/auth-kit Package Tests","Tue Jan 06 05:24:05 UTC 2026","passed","Tue Jan 06 05:24:05 UTC 2026","getUserPasswordHash Tests","User Module Tests","",""
"throws SyntaxError if file content is invalid JSON","0","readJson - throws SyntaxError if file content is invalid JSON","@withstudiocms/internal_helpers Package Tests","Tue Jan 06 05:24:00 UTC 2026","passed","Tue Jan 06 05:24:00 UTC 2026","readJson - throws SyntaxError if file content is invalid JSON","Utility Functions","",""
"","1","getLatestVersion - Fetches and updates cache if dev mode and cache is stale","@withstudiocms/internal_helpers Package Tests","Tue Jan 06 05:23:58 UTC 2026","passed","Tue Jan 06 05:23:58 UTC 2026","getLatestVersion - Fetches and updates cache if dev mode and cache is stale","Astro Integration Utility Tests","",""
"","1","Password Utility - breakSecurePassword throws error for input ""legacy:salt:hash""","@withstudiocms/auth-kit Package Tests","Tue Jan 06 05:24:25 UTC 2026","passed","Tue Jan 06 05:24:25 UTC 2026","breakSecurePassword Error Handling Tests","Password Utility Tests","",""
"","0","TemplateEngine - Should detect if template has variables","@withstudiocms/template-lang Package Tests","Tue Jan 06 05:23:59 UTC 2026","passed","Tue Jan 06 05:23:59 UTC 2026","TemplateEngine - Should detect if template has variables","TemplateEngine Tests","",""
"","0","Const: StudioCMSMarkdownDefaults.discordSubtext","studiocms Package Tests","Tue Jan 06 05:24:11 UTC 2026","passed","Tue Jan 06 05:24:11 UTC 2026","Const: StudioCMSMarkdownDefaults.discordSubtext","consts.ts tests","",""
"","1","Session Module - setSessionTokenCookie sets cookie on context","@withstudiocms/auth-kit Package Tests","Tue Jan 06 05:24:13 UTC 2026","passed","Tue Jan 06 05:24:13 UTC 2026","setSessionTokenCookie Tests","Session Module Tests","",""
"","0","Utility - integrationLogger does not log info/debug when verbose is false for logLevel debug","@withstudiocms/component-registry Package Tests","Tue Jan 06 05:24:04 UTC 2026","passed","Tue Jan 06 05:24:04 UTC 2026","integrationLogger Tests","Utility Tests","",""
"","2","should handle special characters and unicode content","@studiocms/mdx Package Tests","Tue Jan 06 05:24:07 UTC 2026","passed","Tue Jan 06 05:24:07 UTC 2026","MDX Rendering Tests","renderMDX Function Tests","",""
"","2","closeOnOutsideClick - should add app-toggled event listener","@studiocms/devapps Package Tests","Tue Jan 06 05:24:16 UTC 2026","passed","Tue Jan 06 05:24:16 UTC 2026","closeOnOutsideClick Tests","app-utils Utility Function Tests","",""
"","1","should generate Cloudinary URL for external HTTPS image","@studiocms/cloudinary-image-service Package Tests","Tue Jan 06 05:24:02 UTC 2026","passed","Tue Jan 06 05:24:02 UTC 2026","Image URL Generation Tests","Cloudinary Image Service - Image URL Generation Tests","",""
"","1","pluginLogger forks logger with correct label for id ""my-custom-plugin""","@withstudiocms/internal_helpers Package Tests","Tue Jan 06 05:23:58 UTC 2026","passed","Tue Jan 06 05:23:58 UTC 2026","pluginLogger - id: my-custom-plugin","Astro Integration Utility Tests","",""
"","0","StatusSchema should validate value: ""future""","@studiocms/devapps Package Tests","Tue Jan 06 05:24:00 UTC 2026","passed","Tue Jan 06 05:24:00 UTC 2026","StatusSchema Tests","WordPress API Schema Tests","",""
"","1","Const: studioCMSSocials.npm","studiocms Package Tests","Tue Jan 06 05:24:11 UTC 2026","passed","Tue Jan 06 05:24:11 UTC 2026","Const: studioCMSSocials.npm","consts.ts tests","",""
"","63","Password Module - hashPassword produces a secure password string","@withstudiocms/auth-kit Package Tests","Tue Jan 06 05:24:38 UTC 2026","passed","Tue Jan 06 05:24:38 UTC 2026","hashPassword Tests","Password Module Tests","",""
"","4","User Utility - verifyUsernameCharacters","@withstudiocms/auth-kit Package Tests","Tue Jan 06 05:24:24 UTC 2026","passed","Tue Jan 06 05:24:24 UTC 2026","verifyUsernameCharacters Tests","User Utility Tests","",""
"","0","ensureLeadingSlash('hello') should return '/hello'","@studiocms/devapps Package Tests","Tue Jan 06 05:24:22 UTC 2026","passed","Tue Jan 06 05:24:22 UTC 2026","ensureLeadingSlash Tests","pathGenerator Utility Function Tests","",""
"","1","logMessages - Respects verbose flag","@withstudiocms/internal_helpers Package Tests","Tue Jan 06 05:23:58 UTC 2026","passed","Tue Jan 06 05:23:58 UTC 2026","logMessages - Respects verbose flag","Astro Integration Utility Tests","",""
"","1","VirtualModuleBuilder - dynamicVirtual exports all modules","studiocms Package Tests","Tue Jan 06 05:24:17 UTC 2026","passed","Tue Jan 06 05:24:17 UTC 2026","VirtualModuleBuilder - dynamicVirtual test","Virtual Module Utils tests","",""
"","0","firstUpperCase('hello world') should return 'Hello world'","@studiocms/wysiwyg Package Tests","Tue Jan 06 05:24:37 UTC 2026","passed","Tue Jan 06 05:24:37 UTC 2026","firstUpperCase Function Tests","Utils Tests","",""
"","48","StringConfig - should create layer with makeLayer","@studiocms/devapps Package Tests","Tue Jan 06 05:24:06 UTC 2026","passed","Tue Jan 06 05:24:06 UTC 2026","StringConfig Tests","WordPress API Config Tests","",""
"","1","StudioCMSRoutes.mainLinks.contentManagementFolderCreate should be defined","studiocms Package Tests","Tue Jan 06 05:24:27 UTC 2026","passed","Tue Jan 06 05:24:27 UTC 2026","StudioCMSRoutes.mainLinks.contentManagementFolderCreate test","Route Map Virtual tests","",""
"","0","Const: GhostUserDefaults.username","studiocms Package Tests","Tue Jan 06 05:24:11 UTC 2026","passed","Tue Jan 06 05:24:11 UTC 2026","Const: GhostUserDefaults.username","consts.ts tests","",""
"","24","Integration Utils - Endpoint /file-watcher responds correctly","@withstudiocms/config-utils Package Tests","Tue Jan 06 05:24:53 UTC 2026","passed","Tue Jan 06 05:24:53 UTC 2026","Endpoint Tests","Integration Tests","",""
"","1","isDashboardRoute('/dashboard/settings', '/dashboard') should return true","studiocms Package Tests","Tue Jan 06 05:25:05 UTC 2026","passed","Tue Jan 06 05:25:05 UTC 2026","isDashboardRoute('/dashboard/settings', '/dashboard') should return true","UserQuickTools Virtual Script tests","",""
"","0","makePasswordModConfig with CMS_ENCRYPTION_KEY=""AQID"" throws error","@withstudiocms/auth-kit Package Tests","Tue Jan 06 05:24:11 UTC 2026","passed","Tue Jan 06 05:24:11 UTC 2026","makePasswordModConfig Tests","Config Tests","",""
"","1","Const: studioCMSSocials.discord","studiocms Package Tests","Tue Jan 06 05:24:11 UTC 2026","passed","Tue Jan 06 05:24:11 UTC 2026","Const: studioCMSSocials.discord","consts.ts tests","",""
"","2","should throw error when JSON is invalid","@studiocms/cloudinary-image-service Package Tests","Tue Jan 06 05:24:22 UTC 2026","passed","Tue Jan 06 05:24:22 UTC 2026","readJson Functionality Tests","readJson Utility Function Tests","",""
"","0","getHeroImage('undefined', Astro) should return 'site-og.png'","@studiocms/blog Package Tests","Tue Jan 06 05:24:37 UTC 2026","passed","Tue Jan 06 05:24:37 UTC 2026","getHeroImage Tests","Component Helper Tests","",""
"","1","getCurrentURLPath returns correct path for pathname ""/en/dashboard"" and referer ""undefined""","studiocms Package Tests","Tue Jan 06 05:24:26 UTC 2026","passed","Tue Jan 06 05:24:26 UTC 2026","getCurrentURLPath tests","i18n Server Virtuals tests","",""
"","1","SDKSchema test case #1","studiocms Package Tests","Tue Jan 06 05:24:22 UTC 2026","passed","Tue Jan 06 05:24:22 UTC 2026","SDKSchema tests","Config Schemas tests (SDK)","",""
"","25","shows toast and returns if passwords do not match on register","studiocms Package Tests","Tue Jan 06 05:25:05 UTC 2026","passed","Tue Jan 06 05:25:05 UTC 2026","formListener password mismatch test","Form Listener tests","",""
"","5","User Utility - verifyUsernameLength","@withstudiocms/auth-kit Package Tests","Tue Jan 06 05:24:24 UTC 2026","passed","Tue Jan 06 05:24:24 UTC 2026","verifyUsernameLength Tests","User Utility Tests","",""
"","1","dashboardConfigSchema invalid data test case #3","studiocms Package Tests","Tue Jan 06 05:24:48 UTC 2026","passed","Tue Jan 06 05:24:48 UTC 2026","dashboardConfigSchema tests","Config Schemas tests (Dashboard)","",""
"","1","StudioCMSRoutes.authLinks.signupURL should be defined","studiocms Package Tests","Tue Jan 06 05:24:28 UTC 2026","passed","Tue Jan 06 05:24:28 UTC 2026","StudioCMSRoutes.authLinks.signupURL test","Route Map Virtual tests","",""
"","4","Plugin Hook Tests - Validates Hook Implementations","@studiocms/wysiwyg Package Tests","Tue Jan 06 05:24:34 UTC 2026","passed","Tue Jan 06 05:24:34 UTC 2026","Plugin Hook Tests","StudioCMS WYSIWYG Plugin Tests","",""
"","2","TemplateParser - Should parse simple variable","@withstudiocms/template-lang Package Tests","Tue Jan 06 05:23:59 UTC 2026","passed","Tue Jan 06 05:23:59 UTC 2026","TemplateParser - Should parse simple variable","TemplateParser Tests","",""
"","0","Utility - dedent correctly dedents input","@withstudiocms/component-registry Package Tests","Tue Jan 06 05:24:04 UTC 2026","passed","Tue Jan 06 05:24:04 UTC 2026","dedent Tests","Utility Tests","",""
"reads and parses JSON file content","1","readJson - reads and parses JSON file content","@withstudiocms/internal_helpers Package Tests","Tue Jan 06 05:24:00 UTC 2026","passed","Tue Jan 06 05:24:00 UTC 2026","readJson - reads and parses JSON file content","Utility Functions","",""
"","4","Effect Utilities - runEffect resolves with value","@withstudiocms/effect Package Tests","Tue Jan 06 05:24:41 UTC 2026","passed","Tue Jan 06 05:24:41 UTC 2026","runEffect Tests","Effect Utility Tests","",""
"","2","should have a valid entry for image name: studiocms-blobs","studiocms Package Tests","Tue Jan 06 05:24:49 UTC 2026","passed","Tue Jan 06 05:24:49 UTC 2026","validImages individual entry tests","validImages Virtual tests","",""
"","0","StudioCMSDevAppsSchema should parse config: {""endpoint"":""custom-endpoint""}","@studiocms/devapps Package Tests","Tue Jan 06 05:24:29 UTC 2026","passed","Tue Jan 06 05:24:29 UTC 2026","StudioCMSDevAppsSchema Tests","Schema Validation Tests","",""
"replaces non-alphanumeric with underscores and lowercases","0","convertToSafeString - replaces non-alphanumeric with underscores and lowercases","@withstudiocms/internal_helpers Package Tests","Tue Jan 06 05:24:00 UTC 2026","passed","Tue Jan 06 05:24:00 UTC 2026","convertToSafeString - replaces non-alphanumeric with underscores and lowercases","Utility Functions","",""
"","1","developerConfigSchema test case #4","studiocms Package Tests","Tue Jan 06 05:24:56 UTC 2026","passed","Tue Jan 06 05:24:56 UTC 2026","developerConfigSchema tests","Config Schemas tests (Developer)","",""
"","0","TemplateEngine - Should extract variable names from template","@withstudiocms/template-lang Package Tests","Tue Jan 06 05:23:59 UTC 2026","passed","Tue Jan 06 05:23:59 UTC 2026","TemplateEngine - Should extract variable names from template","TemplateEngine Tests","",""
"","1","Session Module - deleteSessionTokenCookie sets cookie with empty value and maxAge 0","@withstudiocms/auth-kit Package Tests","Tue Jan 06 05:24:13 UTC 2026","passed","Tue Jan 06 05:24:13 UTC 2026","deleteSessionTokenCookie Tests","Session Module Tests","",""
"","1","shouldSkipRendering('/studiocms_api/') should return true","studiocms Package Tests","Tue Jan 06 05:25:05 UTC 2026","passed","Tue Jan 06 05:25:05 UTC 2026","shouldSkipRendering('/studiocms_api/') should return true","UserQuickTools Virtual Script tests","",""
"","2","withinLast30Days test case #1","studiocms Package Tests","Tue Jan 06 05:24:36 UTC 2026","passed","Tue Jan 06 05:24:36 UTC 2026","withinLast30Days test","Components Utils tests","",""
"","6","validateHost passes for valid host: example.com","studiocms Package Tests","Tue Jan 06 05:24:09 UTC 2026","passed","Tue Jan 06 05:24:09 UTC 2026","validateHost valid host tests","Robots Core Utils","",""
"","1","generateSitemapContent returns correct sitemap lines for config.sitemap: [""https://site/sitemap.xml"",""https://site/sitemap.txt""]","studiocms Package Tests","Tue Jan 06 05:24:09 UTC 2026","passed","Tue Jan 06 05:24:09 UTC 2026","generateSitemapContent tests","Robots Core Utils","",""
"","0","fileWithBase - Strips leading slash and prepends one","@withstudiocms/internal_helpers Package Tests","Tue Jan 06 05:24:10 UTC 2026","passed","Tue Jan 06 05:24:10 UTC 2026","fileWithBase - Strips leading slash and prepends one","Path Generators Tests","",""
"","0","WYSIWYGSchema Invalid Test Case #3","@studiocms/wysiwyg Package Tests","Tue Jan 06 05:24:35 UTC 2026","passed","Tue Jan 06 05:24:35 UTC 2026","WYSIWYGSchema Invalid Input Tests","WYSIWYG Types Tests","",""
"","0","firstUpperCase('a') should return 'A'","@studiocms/wysiwyg Package Tests","Tue Jan 06 05:24:37 UTC 2026","passed","Tue Jan 06 05:24:37 UTC 2026","firstUpperCase Function Tests","Utils Tests","",""
"","11","Scrypt - Service Tests - Should fail with ScryptError for invalid inputs","@withstudiocms/effect Package Tests","Tue Jan 06 05:24:01 UTC 2026","passed","Tue Jan 06 05:24:01 UTC 2026","ScryptService Tests","Scrypt Service Tests","",""
"","0","Utility - convertHyphensToUnderscores converts """" to """"","@withstudiocms/component-registry Package Tests","Tue Jan 06 05:24:04 UTC 2026","passed","Tue Jan 06 05:24:04 UTC 2026","convertHyphensToUnderscores Tests","Utility Tests","",""
"","0","Const: NotificationSettingsDefaults.requireEditorVerification","studiocms Package Tests","Tue Jan 06 05:24:11 UTC 2026","passed","Tue Jan 06 05:24:11 UTC 2026","Const: NotificationSettingsDefaults.requireEditorVerification","consts.ts tests","",""
"","0","decodeHTML with input: foo & bar","@withstudiocms/component-registry Package Tests","Tue Jan 06 05:24:15 UTC 2026","passed","Tue Jan 06 05:24:15 UTC 2026","decodeHTML Tests","Component Proxy Tests","",""
"","4","StudioCMSRoutes.mainLinks.userManagement should be defined","studiocms Package Tests","Tue Jan 06 05:24:27 UTC 2026","passed","Tue Jan 06 05:24:28 UTC 2026","StudioCMSRoutes.mainLinks.userManagement test","Route Map Virtual tests","",""
"","1","getEditRoute - should return correct edit route","studiocms Package Tests","Tue Jan 06 05:24:27 UTC 2026","passed","Tue Jan 06 05:24:27 UTC 2026","getEditRoute test","Route Map Virtual tests","",""
"","0","Const: STUDIOCMS_EDITOR_CSRF_COOKIE_NAME","studiocms Package Tests","Tue Jan 06 05:24:11 UTC 2026","passed","Tue Jan 06 05:24:11 UTC 2026","Const: STUDIOCMS_EDITOR_CSRF_COOKIE_NAME","consts.ts tests","",""
"","42","Password Module - verifyPasswordStrength returns error string for short password","@withstudiocms/auth-kit Package Tests","Tue Jan 06 05:24:38 UTC 2026","passed","Tue Jan 06 05:24:39 UTC 2026","verifyPasswordStrength Tests","Password Module Tests","",""
"","12","SMTPService - Should initialize with valid config","@withstudiocms/effect Package Tests","Tue Jan 06 05:24:05 UTC 2026","passed","Tue Jan 06 05:24:05 UTC 2026","SMTPService Initialization Tests","SMTP Service Tests","",""
"","1","Schema test case #10 | Current Schema: DashboardPageSchema","studiocms Package Tests","Tue Jan 06 05:24:25 UTC 2026","passed","Tue Jan 06 05:24:25 UTC 2026","Schema Tests","Plugins Schemas tests (Shared)","",""
"","1","should have a valid entry for image name: studiocms-curves","studiocms Package Tests","Tue Jan 06 05:24:49 UTC 2026","passed","Tue Jan 06 05:24:49 UTC 2026","validImages individual entry tests","validImages Virtual tests","",""
"","1","generateContent throws for invalid config: {""policy"":[{""userAgent"":""*"",""allow"":[""/""],""disallow"":[""/private""],""crawlDelay"":-1}],""sitemap"":false,""host"":false}","studiocms Package Tests","Tue Jan 06 05:24:09 UTC 2026","passed","Tue Jan 06 05:24:09 UTC 2026","generateContent invalid config tests","Robots Core Utils","",""
"","0","Utility - integrationLogger does not log info/debug when verbose is false for logLevel error","@withstudiocms/component-registry Package Tests","Tue Jan 06 05:24:04 UTC 2026","passed","Tue Jan 06 05:24:04 UTC 2026","integrationLogger Tests","Utility Tests","",""
"","3","updateSelectElmLabel updates select label for ""quux"" correctly","studiocms Package Tests","Tue Jan 06 05:25:05 UTC 2026","passed","Tue Jan 06 05:25:05 UTC 2026","updateSelectElmLabel tests","i18n Client Virtuals tests","",""
"","7","StudioCMSRoutes.authLinks.forgotPasswordAPI should be defined","studiocms Package Tests","Tue Jan 06 05:24:28 UTC 2026","passed","Tue Jan 06 05:24:28 UTC 2026","StudioCMSRoutes.authLinks.forgotPasswordAPI test","Route Map Virtual tests","",""
"","0","Utility - getIndent returns "" "" for input "" hello world ""","@withstudiocms/component-registry Package Tests","Tue Jan 06 05:24:04 UTC 2026","passed","Tue Jan 06 05:24:04 UTC 2026","getIndent Tests","Utility Tests","",""
"","0","replaceCodePoint with input: 128","@withstudiocms/component-registry Package Tests","Tue Jan 06 05:24:48 UTC 2026","passed","Tue Jan 06 05:24:48 UTC 2026","replaceCodePoint Tests","Component Proxy Tests","",""
"","2","Plugin Creation - Validates plugin Structure with Custom Options","@studiocms/html Package Tests","Tue Jan 06 05:24:10 UTC 2026","passed","Tue Jan 06 05:24:10 UTC 2026","Plugin Creation with Custom Options Tests","studiocmsHTML Plugin Tests","",""
"","0","HeadConfigSchema - hasTag detects existing title and meta","@withstudiocms/internal_helpers Package Tests","Tue Jan 06 05:24:07 UTC 2026","passed","Tue Jan 06 05:24:07 UTC 2026","HeadConfigSchema - hasTag detects existing title and meta","HeadConfigSchema Tests","",""
"","0","TemplateParser - Should parse multiple variables","@withstudiocms/template-lang Package Tests","Tue Jan 06 05:23:59 UTC 2026","passed","Tue Jan 06 05:23:59 UTC 2026","TemplateParser - Should parse multiple variables","TemplateParser Tests","",""
"","5","makePublicRoute('images') should return 'public/studiocms-resources/images/'","studiocms Package Tests","Tue Jan 06 05:25:02 UTC 2026","passed","Tue Jan 06 05:25:02 UTC 2026","makePublicRoute test","Make Public Route Virtual tests","",""
"","1","StudioCMSRoutes.mainLinks.dashboardIndex should be defined","studiocms Package Tests","Tue Jan 06 05:24:27 UTC 2026","passed","Tue Jan 06 05:24:27 UTC 2026","StudioCMSRoutes.mainLinks.dashboardIndex test","Route Map Virtual tests","",""
"","5","Virtual Components Container tests - FormattedDate component","studiocms Package Tests","Tue Jan 06 05:24:57 UTC 2026","passed","Tue Jan 06 05:24:57 UTC 2026","Virtual Components Container tests - FormattedDate component","Virtual Components Container tests","",""
"","0","firstUpperCase('test') should return 'Test'","@studiocms/wysiwyg Package Tests","Tue Jan 06 05:24:37 UTC 2026","passed","Tue Jan 06 05:24:37 UTC 2026","firstUpperCase Function Tests","Utils Tests","",""
"","1","resolveBuiltIns test case #10","studiocms Package Tests","Tue Jan 06 05:24:50 UTC 2026","passed","Tue Jan 06 05:24:50 UTC 2026","resolveBuiltIns tests","Integrations tests (Node Namespace Built-ins)","",""
"","3","Context Utils - parseAPIContextFormDataToObject","@withstudiocms/effect Package Tests","Tue Jan 06 05:24:13 UTC 2026","passed","Tue Jan 06 05:24:13 UTC 2026","parseAPIContextFormDataToObject Tests","Context Utils Tests","",""
"","5","Buildkit CLI - build command with --bundle","@withstudiocms/buildkit Package Tests","Tue Jan 06 05:24:21 UTC 2026","passed","Tue Jan 06 05:24:21 UTC 2026","Buildkit CLI - build command with --bundle","CLI Tests","",""
"","3","Page - should validate complete page data","@studiocms/devapps Package Tests","Tue Jan 06 05:24:00 UTC 2026","passed","Tue Jan 06 05:24:00 UTC 2026","Page Schema Tests","WordPress API Schema Tests","",""
"","44","Deepmerge - throws an error if the merge function throws","@withstudiocms/effect Package Tests","Tue Jan 06 05:24:30 UTC 2026","passed","Tue Jan 06 05:24:30 UTC 2026","deepmerge Effect Tests","Deepmerge Utility Tests","",""
"","1","Schema test case #16 | Current Schema: PageTypesSchema","studiocms Package Tests","Tue Jan 06 05:24:25 UTC 2026","passed","Tue Jan 06 05:24:25 UTC 2026","Schema Tests","Plugins Schemas tests (Shared)","",""
"","5","Editor with undefined content","@studiocms/markdoc Package Tests","Tue Jan 06 05:24:31 UTC 2026","passed","Tue Jan 06 05:24:31 UTC 2026","Editor Component Tests","Editor Component Tests","",""
"","1","StatusSchema should reject invalid value: ""invalid""","@studiocms/devapps Package Tests","Tue Jan 06 05:24:00 UTC 2026","passed","Tue Jan 06 05:24:00 UTC 2026","StatusSchema Tests","WordPress API Schema Tests","",""
"","1","withinLast30Days test case #2","studiocms Package Tests","Tue Jan 06 05:24:36 UTC 2026","passed","Tue Jan 06 05:24:36 UTC 2026","withinLast30Days test","Components Utils tests","",""
"","1","resolveBuiltIns test case #2","studiocms Package Tests","Tue Jan 06 05:24:50 UTC 2026","passed","Tue Jan 06 05:24:50 UTC 2026","resolveBuiltIns tests","Integrations tests (Node Namespace Built-ins)","",""
"","0","PropsParser - extractPropsFromAstroFile - extract Props type alias from Astro File","@withstudiocms/component-registry Package Tests","Tue Jan 06 05:24:32 UTC 2026","passed","Tue Jan 06 05:24:32 UTC 2026","extractPropsFromAstroFile Tests","Props Parser Tests","",""
"","0","Libravatar Utils - composeAvatarUrl with delegationServer=""custom.example.com:8080"" and https=false","@withstudiocms/auth-kit Package Tests","Tue Jan 06 05:24:12 UTC 2026","passed","Tue Jan 06 05:24:12 UTC 2026","composeAvatarUrl Tests","Libravatar Utility Tests","",""
"replaces non-alphanumeric with underscores and lowercases","0","convertToSafeString - replaces non-alphanumeric with underscores and lowercases","@withstudiocms/internal_helpers Package Tests","Tue Jan 06 05:24:00 UTC 2026","passed","Tue Jan 06 05:24:00 UTC 2026","convertToSafeString - replaces non-alphanumeric with underscores and lowercases","Utility Functions","",""
"","6","allowedIdentifiers matches expected values","studiocms Package Tests","Tue Jan 06 05:24:36 UTC 2026","passed","Tue Jan 06 05:24:36 UTC 2026","allowedIdentifiers test","Components Utils tests","",""
"","0","TemplateRenderer - Nested property access","@withstudiocms/template-lang Package Tests","Tue Jan 06 05:23:59 UTC 2026","passed","Tue Jan 06 05:23:59 UTC 2026","TemplateRenderer - Nested property access","TemplateRenderer Tests","",""
"","1","Const: GhostUserDefaults.name","studiocms Package Tests","Tue Jan 06 05:24:11 UTC 2026","passed","Tue Jan 06 05:24:11 UTC 2026","Const: GhostUserDefaults.name","consts.ts tests","",""
"","4","WYSIWYG Editor Component Test Case #4","@studiocms/wysiwyg Package Tests","Tue Jan 06 05:24:52 UTC 2026","passed","Tue Jan 06 05:24:52 UTC 2026","WYSIWYG Editor Component Tests","StudioCMS WYSIWYG Plugin Tests","",""
"","2","getLatestVersion - Handles fetch errors gracefully","@withstudiocms/internal_helpers Package Tests","Tue Jan 06 05:23:58 UTC 2026","passed","Tue Jan 06 05:23:58 UTC 2026","getLatestVersion - Handles fetch errors gracefully","Astro Integration Utility Tests","",""
"","3","developerConfigSchema test case #3","studiocms Package Tests","Tue Jan 06 05:24:56 UTC 2026","passed","Tue Jan 06 05:24:56 UTC 2026","developerConfigSchema tests","Config Schemas tests (Developer)","",""
"","126","PostHeader renders correctly","@studiocms/blog Package Tests","Tue Jan 06 05:24:09 UTC 2026","passed","Tue Jan 06 05:24:09 UTC 2026","PostHeader Component Tests","Component Tests","",""
"","3","Components Container tests - ThreeCanvasLoader component","studiocms Package Tests","Tue Jan 06 05:24:41 UTC 2026","passed","Tue Jan 06 05:24:41 UTC 2026","Components Container tests - ThreeCanvasLoader component","Components Container tests","",""
"","0","CategoryOrTagConfig - should create config with value: []","@studiocms/devapps Package Tests","Tue Jan 06 05:24:06 UTC 2026","passed","Tue Jan 06 05:24:06 UTC 2026","CategoryOrTagConfig Tests","WordPress API Config Tests","",""
"","4","sitemap-index.xml template generates valid XML","studiocms Package Tests","Tue Jan 06 05:24:25 UTC 2026","passed","Tue Jan 06 05:24:25 UTC 2026","template tests","Dynamic Sitemap - sitemap-index.xml","",""
"","3","pathWithBase - Strips leading slash and prepends one","@withstudiocms/internal_helpers Package Tests","Tue Jan 06 05:24:10 UTC 2026","passed","Tue Jan 06 05:24:10 UTC 2026","pathWithBase - Strips leading slash and prepends one","Path Generators Tests","",""
"","0","PropsParser - extractPropsFromAstroFile - empty frontmatter/props cases","@withstudiocms/component-registry Package Tests","Tue Jan 06 05:24:32 UTC 2026","passed","Tue Jan 06 05:24:32 UTC 2026","extractPropsFromAstroFile Error Tests","Props Parser Tests","",""
"","0","makePasswordModConfig with CMS_ENCRYPTION_KEY=""AAAAAAAAAAAAAAAAAAAAAAAAAAAAAAAAAAAAAAAAAAA="" throws error","@withstudiocms/auth-kit Package Tests","Tue Jan 06 05:24:11 UTC 2026","passed","Tue Jan 06 05:24:11 UTC 2026","makePasswordModConfig Tests","Config Tests","",""
"","3","UserQuickTools does not render menu if shouldSkipRendering returns true","studiocms Package Tests","Tue Jan 06 05:25:05 UTC 2026","passed","Tue Jan 06 05:25:05 UTC 2026","menu not rendered when shouldSkipRendering is true","UserQuickTools Virtual Script tests","",""
"","60","Scrypt - makeScrypt returns error with invalid config","@withstudiocms/auth-kit Package Tests","Tue Jan 06 05:24:50 UTC 2026","passed","Tue Jan 06 05:24:50 UTC 2026","makeScrypt Tests","Default Module Tests","",""
"","1","User Module - getUserData returns logged out session for expired session","@withstudiocms/auth-kit Package Tests","Tue Jan 06 05:24:05 UTC 2026","passed","Tue Jan 06 05:24:05 UTC 2026","getUserData Tests","User Module Tests","",""
"","1","generateSitemapContent returns correct sitemap lines for config.sitemap: ""https://site/sitemap.xml""","studiocms Package Tests","Tue Jan 06 05:24:09 UTC 2026","passed","Tue Jan 06 05:24:09 UTC 2026","generateSitemapContent tests","Robots Core Utils","",""
"","25","Buildkit CLI - build command with --no-clean-dist","@withstudiocms/buildkit Package Tests","Tue Jan 06 05:24:21 UTC 2026","passed","Tue Jan 06 05:24:21 UTC 2026","Buildkit CLI - build command with --no-clean-dist","CLI Tests","",""
"","1","RenderedData should validate rendered data structure","@studiocms/devapps Package Tests","Tue Jan 06 05:24:00 UTC 2026","passed","Tue Jan 06 05:24:00 UTC 2026","RenderedData Tests","WordPress API Schema Tests","",""
"","1","Session Module - setOAuthSessionTokenCookie sets OAuth cookie","@withstudiocms/auth-kit Package Tests","Tue Jan 06 05:24:13 UTC 2026","passed","Tue Jan 06 05:24:13 UTC 2026","setOAuthSessionTokenCookie Tests","Session Module Tests","",""
"","6","nodeNamespaceBuiltinsAstro integration existence","studiocms Package Tests","Tue Jan 06 05:24:50 UTC 2026","passed","Tue Jan 06 05:24:50 UTC 2026","nodeNamespaceBuiltinsAstro tests","Integrations tests (Node Namespace Built-ins)","",""
"","0","getHeroImage('', Astro) should return 'site-og.png'","@studiocms/blog Package Tests","Tue Jan 06 05:24:37 UTC 2026","passed","Tue Jan 06 05:24:37 UTC 2026","getHeroImage Tests","Component Helper Tests","",""
"","0","decode - input: &copy;","@withstudiocms/component-registry Package Tests","Tue Jan 06 05:24:56 UTC 2026","passed","Tue Jan 06 05:24:56 UTC 2026","decode Tests","Component Proxy Tests","",""
"","0","replaceCodePoint with input: 128512","@withstudiocms/component-registry Package Tests","Tue Jan 06 05:24:15 UTC 2026","passed","Tue Jan 06 05:24:15 UTC 2026","replaceCodePoint Tests","Component Proxy Tests","",""
"","0","Libravatar Utils - serviceName for domain ""example.com"" with https=true","@withstudiocms/auth-kit Package Tests","Tue Jan 06 05:24:12 UTC 2026","passed","Tue Jan 06 05:24:12 UTC 2026","serviceName Tests","Libravatar Utility Tests","",""
"","0","replaceCodePoint with input: -1","@withstudiocms/component-registry Package Tests","Tue Jan 06 05:24:15 UTC 2026","passed","Tue Jan 06 05:24:15 UTC 2026","replaceCodePoint Tests","Component Proxy Tests","",""
"","2","resolveBuiltIns test case #1","studiocms Package Tests","Tue Jan 06 05:24:50 UTC 2026","passed","Tue Jan 06 05:24:50 UTC 2026","resolveBuiltIns tests","Integrations tests (Node Namespace Built-ins)","",""
"","0","ensureLeadingSlash adds slash if missing","@withstudiocms/internal_helpers Package Tests","Tue Jan 06 05:24:10 UTC 2026","passed","Tue Jan 06 05:24:10 UTC 2026","ensureLeadingSlash adds slash if missing","Path Generators Tests","",""
"","33","Libravatar Utils - getAvatarUrl returns valid URL for email ""user@example.com""","@withstudiocms/auth-kit Package Tests","Tue Jan 06 05:24:12 UTC 2026","passed","Tue Jan 06 05:24:12 UTC 2026","getAvatarUrl Tests","Libravatar Utility Tests","",""
"","6","Password Utility - verifySafe - should return ""Password must not be a commonly known unsafe password (admin, root, etc.)"" for input ""admin""","@withstudiocms/auth-kit Package Tests","Tue Jan 06 05:24:25 UTC 2026","passed","Tue Jan 06 05:24:25 UTC 2026","verifySafe Tests","Password Utility Tests","",""
"","24","Buildkit CLI - build command with entry point","@withstudiocms/buildkit Package Tests","Tue Jan 06 05:24:21 UTC 2026","passed","Tue Jan 06 05:24:21 UTC 2026","Buildkit CLI - build command with entry point","CLI Tests","",""
"","0","should resolveURL with filesystem path base","@withstudiocms/internal_helpers Package Tests","Tue Jan 06 05:24:10 UTC 2026","passed","Tue Jan 06 05:24:10 UTC 2026","should resolveURL with filesystem path base","Path Resolver Tests","",""
"","1","getLangFromUrl extracts correct language from URL ""http://localhost/su/dashboard""","studiocms Package Tests","Tue Jan 06 05:24:26 UTC 2026","passed","Tue Jan 06 05:24:26 UTC 2026","getLangFromUrl tests","i18n Server Virtuals tests","",""
"","1","User Utility - verifyUsernameLength","@withstudiocms/auth-kit Package Tests","Tue Jan 06 05:24:24 UTC 2026","passed","Tue Jan 06 05:24:24 UTC 2026","verifyUsernameLength Tests","User Utility Tests","",""
"","2","Scrypt - ScryptConfigOptions should handle valid options","@withstudiocms/effect Package Tests","Tue Jan 06 05:24:00 UTC 2026","passed","Tue Jan 06 05:24:00 UTC 2026","ScryptConfigOptions Tests","Scrypt Service Tests","",""
"","0","PostFormatSchema should validate value: ""gallery""","@studiocms/devapps Package Tests","Tue Jan 06 05:24:00 UTC 2026","passed","Tue Jan 06 05:24:00 UTC 2026","PostFormatSchema Tests","WordPress API Schema Tests","",""
"","1","should handle different image dimensions","@studiocms/cloudinary-image-service Package Tests","Tue Jan 06 05:24:02 UTC 2026","passed","Tue Jan 06 05:24:02 UTC 2026","Image URL Generation Tests","Cloudinary Image Service - Image URL Generation Tests","",""
"","1","Password Utility - verifyPasswordLength - should return ""undefined"" for input ""123456""","@withstudiocms/auth-kit Package Tests","Tue Jan 06 05:24:25 UTC 2026","passed","Tue Jan 06 05:24:25 UTC 2026","verifyPasswordLength Tests","Password Utility Tests","",""
"","3","Session Module - createSession returns a UserSession","@withstudiocms/auth-kit Package Tests","Tue Jan 06 05:24:13 UTC 2026","passed","Tue Jan 06 05:24:13 UTC 2026","createSession Tests","Session Module Tests","",""
"","3","Scrypt - Service Tests - Should work with key length: 32","@withstudiocms/effect Package Tests","Tue Jan 06 05:24:01 UTC 2026","passed","Tue Jan 06 05:24:01 UTC 2026","ScryptService Tests","Scrypt Service Tests","",""
"","4","createComponentProxy - proxies function components and processes props and children","@withstudiocms/component-registry Package Tests","Tue Jan 06 05:24:24 UTC 2026","passed","Tue Jan 06 05:24:24 UTC 2026","createComponentProxy Tests","Component Proxy Tests","",""
"","0","FullPageData - should validate all required fields are present","@studiocms/devapps Package Tests","Tue Jan 06 05:24:06 UTC 2026","passed","Tue Jan 06 05:24:06 UTC 2026","FullPageData Tests","WordPress API Config Tests","",""
"","1","Const: Next_SiteConfigId","studiocms Package Tests","Tue Jan 06 05:24:11 UTC 2026","passed","Tue Jan 06 05:24:11 UTC 2026","Const: Next_SiteConfigId","consts.ts tests","",""
"","0","decode - input: &lt;tag&gt;","@withstudiocms/component-registry Package Tests","Tue Jan 06 05:24:56 UTC 2026","passed","Tue Jan 06 05:24:56 UTC 2026","decode Tests","Component Proxy Tests","",""
"","5","makeAPIRoute('users')('profile') should return '/studiocms_api/users/profile'","studiocms Package Tests","Tue Jan 06 05:24:33 UTC 2026","passed","Tue Jan 06 05:24:33 UTC 2026","makeAPIRoute test","Make API Route Virtual tests","",""
"","1","StudioCMSRoutes.authLinks.logoutURL should be defined","studiocms Package Tests","Tue Jan 06 05:24:28 UTC 2026","passed","Tue Jan 06 05:24:28 UTC 2026","StudioCMSRoutes.authLinks.logoutURL test","Route Map Virtual tests","",""
"","1","Const: routesDir.authPage","studiocms Package Tests","Tue Jan 06 05:24:11 UTC 2026","passed","Tue Jan 06 05:24:11 UTC 2026","Const: routesDir.authPage","consts.ts tests","",""
"","1328","SMTPService - Verify Transport with Valid Config","@withstudiocms/effect Package Tests","Tue Jan 06 05:24:05 UTC 2026","passed","Tue Jan 06 05:24:06 UTC 2026","SMTPService Transport Verification Tests","SMTP Service Tests","",""
"","3","updateToggleElmLabel updates toggle label for ""toggle1"" correctly","studiocms Package Tests","Tue Jan 06 05:25:05 UTC 2026","passed","Tue Jan 06 05:25:05 UTC 2026","updateToggleElmLabel tests","i18n Client Virtuals tests","",""
"","0","Middleware - handlerFilter","@withstudiocms/effect Package Tests","Tue Jan 06 05:24:21 UTC 2026","passed","Tue Jan 06 05:24:21 UTC 2026","handlerFilter Tests","Middleware Utility Tests","",""
"","29","ComponentRegistry - registerComponentFromFile - complex prop types","@withstudiocms/component-registry Package Tests","Tue Jan 06 05:24:01 UTC 2026","passed","Tue Jan 06 05:24:01 UTC 2026","registerComponentFromFile Tests","Component Registry Tests","",""
"","35","Editor with props","@studiocms/markdoc Package Tests","Tue Jan 06 05:24:31 UTC 2026","passed","Tue Jan 06 05:24:31 UTC 2026","Editor Component Tests","Editor Component Tests","",""
"","1","Const: Next_MailerConfigId","studiocms Package Tests","Tue Jan 06 05:24:11 UTC 2026","passed","Tue Jan 06 05:24:11 UTC 2026","Const: Next_MailerConfigId","consts.ts tests","",""
"","1","generateContent throws for invalid config: {""policy"":[{""allow"":[""/""],""disallow"":[""/private""]}],""sitemap"":false,""host"":false}","studiocms Package Tests","Tue Jan 06 05:24:09 UTC 2026","passed","Tue Jan 06 05:24:09 UTC 2026","generateContent invalid config tests","Robots Core Utils","",""
"","5","Plugin Hooks - Validates Hook Functionality","@studiocms/html Package Tests","Tue Jan 06 05:24:10 UTC 2026","passed","Tue Jan 06 05:24:10 UTC 2026","Plugin Hooks Tests","studiocmsHTML Plugin Tests","",""
"","2","closeOnOutsideClock - should dispatch toggle-app event on outside click","@studiocms/devapps Package Tests","Tue Jan 06 05:24:16 UTC 2026","passed","Tue Jan 06 05:24:16 UTC 2026","closeOnOutsideClick Tests","app-utils Utility Function Tests","",""
"","1","Clack - useClackErrorPromise returns Effect that fails with ClackError if error is thrown","@withstudiocms/effect Package Tests","Tue Jan 06 05:24:44 UTC 2026","passed","Tue Jan 06 05:24:44 UTC 2026","useClackErrorPromise Tests","Clack Wrapper Tests","",""
"","0","pathWithBase - Strips leading slash and prepends one","@withstudiocms/internal_helpers Package Tests","Tue Jan 06 05:24:10 UTC 2026","passed","Tue Jan 06 05:24:10 UTC 2026","pathWithBase - Strips leading slash and prepends one","Path Generators Tests","",""
"","0","parse('{""users"":[{""id"":1,""name"":""John"",""active"":true},{""id"":2,""name"":""Jane"",""active"":false}],""metadata"":{""total"":2,""page"":1,""hasMore"":false}}') should return expected object","@studiocms/wysiwyg Package Tests","Tue Jan 06 05:24:37 UTC 2026","passed","Tue Jan 06 05:24:37 UTC 2026","parse Function Tests","Utils Tests","",""
"","0","User Utility - parseRequiredPerms","@withstudiocms/auth-kit Package Tests","Tue Jan 06 05:24:24 UTC 2026","passed","Tue Jan 06 05:24:24 UTC 2026","parseRequiredPerms Tests","User Utility Tests","",""
"","2","Session Module - validateSessionToken returns session and user for valid session","@withstudiocms/auth-kit Package Tests","Tue Jan 06 05:24:13 UTC 2026","passed","Tue Jan 06 05:24:13 UTC 2026","validateSessionToken Valid Session Tests","Session Module Tests","",""
"","0","getHeroImage(' ', Astro) should return 'https://images.unsplash.com/photo-1707343843982-f8275f3994c5?q=80&w=1032&auto=format&fit=crop&ixlib=rb-4.0.3&ixid=M3wxMjA3fDF8MHxwaG90by1wYWdlfHx8fGVufDB8fHx8fA%3D%3D'","@studiocms/blog Package Tests","Tue Jan 06 05:24:37 UTC 2026","passed","Tue Jan 06 05:24:37 UTC 2026","getHeroImage Tests","Component Helper Tests","",""
"","0","decodeHTML (edge cases) with input: &lt;&gt;&amp;","@withstudiocms/component-registry Package Tests","Tue Jan 06 05:24:15 UTC 2026","passed","Tue Jan 06 05:24:15 UTC 2026","decodeHTML (edge cases) Tests","Component Proxy Tests","",""
"","5","Plugin Creation - Validates Plugin Structure and Options","@studiocms/wysiwyg Package Tests","Tue Jan 06 05:24:34 UTC 2026","passed","Tue Jan 06 05:24:34 UTC 2026","Plugin Creation Tests","StudioCMS WYSIWYG Plugin Tests","",""
"","0","Libravatar Utils - sanitizedTarget","@withstudiocms/auth-kit Package Tests","Tue Jan 06 05:24:12 UTC 2026","passed","Tue Jan 06 05:24:12 UTC 2026","sanitizedTarget Tests","Libravatar Utility Tests","",""
"","4","Schema Validation Test #1","@studiocms/html Package Tests","Tue Jan 06 05:24:47 UTC 2026","passed","Tue Jan 06 05:24:47 UTC 2026","Schema Validation Tests","HTMLSchema Type Tests","",""
"","0","OpenClosedSchema should validate value: """"","@studiocms/devapps Package Tests","Tue Jan 06 05:24:00 UTC 2026","passed","Tue Jan 06 05:24:00 UTC 2026","OpenClosedSchema Tests","WordPress API Schema Tests","",""
"","0","Utility - getIndent returns ""		"" for input ""		hello world""","@withstudiocms/component-registry Package Tests","Tue Jan 06 05:24:04 UTC 2026","passed","Tue Jan 06 05:24:04 UTC 2026","getIndent Tests","Utility Tests","",""
"","0","TemplateParser - Should handle variables with spaces","@withstudiocms/template-lang Package Tests","Tue Jan 06 05:23:59 UTC 2026","passed","Tue Jan 06 05:23:59 UTC 2026","TemplateParser - Should handle variables with spaces","TemplateParser Tests","",""
"","1","validateUrl passes for valid sitemap url: http://example.com/sitemap.json","studiocms Package Tests","Tue Jan 06 05:24:09 UTC 2026","passed","Tue Jan 06 05:24:09 UTC 2026","validateUrl valid sitemap url tests","Robots Core Utils","",""
"","21","PageList renders correctly with blog posts","@studiocms/blog Package Tests","Tue Jan 06 05:24:09 UTC 2026","passed","Tue Jan 06 05:24:09 UTC 2026","PageList Component Tests","Component Tests","",""
"","0","CategoryOrTagConfig - should ensure config is defined","@studiocms/devapps Package Tests","Tue Jan 06 05:24:06 UTC 2026","passed","Tue Jan 06 05:24:06 UTC 2026","Configuration Validation Tests","WordPress API Config Tests","",""
"","5","Components Container tests - OAuthButton component","studiocms Package Tests","Tue Jan 06 05:24:41 UTC 2026","passed","Tue Jan 06 05:24:41 UTC 2026","Components Container tests - OAuthButton component","Components Container tests","",""
"","7","Buildkit CLI - build command with --force-cjs","@withstudiocms/buildkit Package Tests","Tue Jan 06 05:24:21 UTC 2026","passed","Tue Jan 06 05:24:21 UTC 2026","Buildkit CLI - build command with --force-cjs","CLI Tests","",""
"","1","User Utility - parseRequiredPerms","@withstudiocms/auth-kit Package Tests","Tue Jan 06 05:24:24 UTC 2026","passed","Tue Jan 06 05:24:24 UTC 2026","parseRequiredPerms Tests","User Utility Tests","",""
"","5","Session Module - generateSessionToken returns a base32 string","@withstudiocms/auth-kit Package Tests","Tue Jan 06 05:24:13 UTC 2026","passed","Tue Jan 06 05:24:13 UTC 2026","generateSessionToken Tests","Session Module Tests","",""
"","1","resolveBuiltIns test case #6","studiocms Package Tests","Tue Jan 06 05:24:50 UTC 2026","passed","Tue Jan 06 05:24:50 UTC 2026","resolveBuiltIns tests","Integrations tests (Node Namespace Built-ins)","",""
"","1","Errors - toComponentProxyError - Handle errors without message property","@withstudiocms/component-registry Package Tests","Tue Jan 06 05:24:20 UTC 2026","passed","Tue Jan 06 05:24:20 UTC 2026","toComponentProxyError Tests","Error Tests","",""
"","1","apiRoute('render') should return '/studiocms_api/renderer/render'","studiocms Package Tests","Tue Jan 06 05:24:33 UTC 2026","passed","Tue Jan 06 05:24:33 UTC 2026","apiRoute test","Make API Route Virtual tests","",""
"","1","Const: routesDir.mailer","studiocms Package Tests","Tue Jan 06 05:24:11 UTC 2026","passed","Tue Jan 06 05:24:11 UTC 2026","Const: routesDir.mailer","consts.ts tests","",""
"","4","decode-data-xml - xmlDecodeTree structure","@withstudiocms/component-registry Package Tests","Tue Jan 06 05:24:55 UTC 2026","passed","Tue Jan 06 05:24:55 UTC 2026","decode-data-xml Tests","Component Proxy Tests","",""
"","0","stripHtmlExtension removes .html extension","@withstudiocms/internal_helpers Package Tests","Tue Jan 06 05:24:10 UTC 2026","passed","Tue Jan 06 05:24:10 UTC 2026","stripHtmlExtension removes .html extension","Path Generators Tests","",""
"","1","StudioCMSRoutes.authLinks.loginAPI should be defined","studiocms Package Tests","Tue Jan 06 05:24:28 UTC 2026","passed","Tue Jan 06 05:24:28 UTC 2026","StudioCMSRoutes.authLinks.loginAPI test","Route Map Virtual tests","",""
"","2","User Utility - getDefaultUserSession","@withstudiocms/auth-kit Package Tests","Tue Jan 06 05:24:24 UTC 2026","passed","Tue Jan 06 05:24:24 UTC 2026","getDefaultUserSession Tests","User Utility Tests","",""
"","1","Const: routesDir.fts","studiocms Package Tests","Tue Jan 06 05:24:11 UTC 2026","passed","Tue Jan 06 05:24:11 UTC 2026","Const: routesDir.fts","consts.ts tests","",""
"","0","TemplateParser - Should parse nested variables","@withstudiocms/template-lang Package Tests","Tue Jan 06 05:23:59 UTC 2026","passed","Tue Jan 06 05:23:59 UTC 2026","TemplateParser - Should parse nested variables","TemplateParser Tests","",""
"","20","Kysely client handles withEncoder and withDecoder correctly","@withstudiocms/kysely Package Tests","Tue Jan 06 05:24:27 UTC 2026","passed","Tue Jan 06 05:24:27 UTC 2026","Kysely client handles withEncoder and withDecoder correctly","Client Core Functionality","",""
"","1","getCurrentURLPath returns correct path for pathname ""/_server-islands"" and referer ""http://localhost/en/dashboard""","studiocms Package Tests","Tue Jan 06 05:24:26 UTC 2026","passed","Tue Jan 06 05:24:26 UTC 2026","getCurrentURLPath tests","i18n Server Virtuals tests","",""
"","58","ComponentRegistry - registerComponentFromFile - basic Astro file","@withstudiocms/component-registry Package Tests","Tue Jan 06 05:24:01 UTC 2026","passed","Tue Jan 06 05:24:01 UTC 2026","registerComponentFromFile Tests","Component Registry Tests","",""
"","1","useTranslations returns correct translation for key ""unknown""","studiocms Package Tests","Tue Jan 06 05:24:26 UTC 2026","passed","Tue Jan 06 05:24:26 UTC 2026","useTranslations tests","i18n Server Virtuals tests","",""
"","0","FullPageData - should ensure config is defined","@studiocms/devapps Package Tests","Tue Jan 06 05:24:06 UTC 2026","passed","Tue Jan 06 05:24:06 UTC 2026","Configuration Validation Tests","WordPress API Config Tests","",""
"","0","Utility - integrationLogger logs at error when verbose is true","@withstudiocms/component-registry Package Tests","Tue Jan 06 05:24:04 UTC 2026","passed","Tue Jan 06 05:24:04 UTC 2026","integrationLogger Tests","Utility Tests","",""
"","0","should have correct type and default for sitemap","@studiocms/blog Package Tests","Tue Jan 06 05:24:21 UTC 2026","passed","Tue Jan 06 05:24:21 UTC 2026","FrontEndConfigSchema Tests","Type Definitions Tests","",""
"","1","StudioCMSRoutes.mainLinks.smtpConfiguration should be defined","studiocms Package Tests","Tue Jan 06 05:24:27 UTC 2026","passed","Tue Jan 06 05:24:27 UTC 2026","StudioCMSRoutes.mainLinks.smtpConfiguration test","Route Map Virtual tests","",""
"","47","Render with basic props","@studiocms/mdx Package Tests","Tue Jan 06 05:24:45 UTC 2026","passed","Tue Jan 06 05:24:45 UTC 2026","Render Tests","MDX Editor Component Tests","",""
"","0","decodeHTMLStrict with input: foo &amp; bar","@withstudiocms/component-registry Package Tests","Tue Jan 06 05:24:15 UTC 2026","passed","Tue Jan 06 05:24:15 UTC 2026","decodeHTMLStrict Tests","Component Proxy Tests","",""
"","1","PostFormatSchema should reject invalid value: ""blog""","@studiocms/devapps Package Tests","Tue Jan 06 05:24:00 UTC 2026","passed","Tue Jan 06 05:24:00 UTC 2026","PostFormatSchema Tests","WordPress API Schema Tests","",""
"","1","dashboardConfigSchema optional test case #4","studiocms Package Tests","Tue Jan 06 05:24:48 UTC 2026","passed","Tue Jan 06 05:24:48 UTC 2026","dashboardConfigSchema tests","Config Schemas tests (Dashboard)","",""
"","1","CategoryOrTagConfig - should create config with value: [1, 2, 3]","@studiocms/devapps Package Tests","Tue Jan 06 05:24:06 UTC 2026","passed","Tue Jan 06 05:24:06 UTC 2026","CategoryOrTagConfig Tests","WordPress API Config Tests","",""
"","1","OpenClosedSchema should reject invalid value: ""undefined""","@studiocms/devapps Package Tests","Tue Jan 06 05:24:00 UTC 2026","passed","Tue Jan 06 05:24:00 UTC 2026","OpenClosedSchema Tests","WordPress API Schema Tests","",""
"","1","Const: studioCMSSocials.github","studiocms Package Tests","Tue Jan 06 05:24:11 UTC 2026","passed","Tue Jan 06 05:24:11 UTC 2026","Const: studioCMSSocials.github","consts.ts tests","",""
"","1","SDKCacheSchema test case #4","studiocms Package Tests","Tue Jan 06 05:24:22 UTC 2026","passed","Tue Jan 06 05:24:22 UTC 2026","SDKCacheSchema tests","Config Schemas tests (SDK)","",""
"","1","authConfigSchema test case #4","studiocms Package Tests","Tue Jan 06 05:24:59 UTC 2026","passed","Tue Jan 06 05:24:59 UTC 2026","authConfigSchema tests","Config Schemas tests (Auth)","",""
"","1","Clack - useClackError returns Effect that succeeds with value if no error is thrown","@withstudiocms/effect Package Tests","Tue Jan 06 05:24:44 UTC 2026","passed","Tue Jan 06 05:24:44 UTC 2026","useClackError Tests","Clack Wrapper Tests","",""
"","3","Plugin Hooks - Validates Hook Functionality","@studiocms/blog Package Tests","Tue Jan 06 05:24:28 UTC 2026","passed","Tue Jan 06 05:24:28 UTC 2026","Plugin Hooks Tests","Blog Plugin Tests","",""
"","1","TimeStringSchema invalid format test case #3","studiocms Package Tests","Tue Jan 06 05:24:22 UTC 2026","passed","Tue Jan 06 05:24:22 UTC 2026","TimeStringSchema tests","Config Schemas tests (SDK)","",""
"","1","getCurrentURLPath returns correct path for pathname ""/_server-islands"" and referer ""http://localhost/dashboard""","studiocms Package Tests","Tue Jan 06 05:24:26 UTC 2026","passed","Tue Jan 06 05:24:26 UTC 2026","getCurrentURLPath tests","i18n Server Virtuals tests","",""
"","1","should accept valid favicon extension: /favicon.jpg","@studiocms/blog Package Tests","Tue Jan 06 05:24:21 UTC 2026","passed","Tue Jan 06 05:24:21 UTC 2026","FrontEndConfigSchema Favicon Tests","Type Definitions Tests","",""
"","3","getHookResults handles no hooks gracefully","studiocms Package Tests","Tue Jan 06 05:24:17 UTC 2026","passed","Tue Jan 06 05:24:17 UTC 2026","getHookResults handles no hooks gracefully","StudioCMSPluginTester tests","",""
"","0","decodeXML with input: foo &amp; bar","@withstudiocms/component-registry Package Tests","Tue Jan 06 05:24:15 UTC 2026","passed","Tue Jan 06 05:24:15 UTC 2026","decodeXML Tests","Component Proxy Tests","",""
"","0","makePasswordModConfig with CMS_ENCRYPTION_KEY=""AQEBAQEBAQEBAQEBAQEBAQ=="" returns valid config","@withstudiocms/auth-kit Package Tests","Tue Jan 06 05:24:11 UTC 2026","passed","Tue Jan 06 05:24:11 UTC 2026","makePasswordModConfig Tests","Config Tests","",""
"","10","Encryption Module - encrypt and decrypt Uint8Array roundtrip","@withstudiocms/auth-kit Package Tests","Tue Jan 06 05:24:36 UTC 2026","passed","Tue Jan 06 05:24:36 UTC 2026","encrypt/decrypt Uint8Array Tests","Encryption Module Tests","",""
"","0","ImportEndpointConfig - should ensure config is defined","@studiocms/devapps Package Tests","Tue Jan 06 05:24:06 UTC 2026","passed","Tue Jan 06 05:24:06 UTC 2026","Configuration Validation Tests","WordPress API Config Tests","",""
"","6","buildDefaultOnlyVirtual - should export the object as default","studiocms Package Tests","Tue Jan 06 05:24:17 UTC 2026","passed","Tue Jan 06 05:24:17 UTC 2026","buildDefaultOnlyVirtual test","Virtual Module Utils tests","",""
"","12","StudioCMSOptionsSchema - should parse empty config and apply defaults","studiocms Package Tests","Tue Jan 06 05:24:32 UTC 2026","passed","Tue Jan 06 05:24:32 UTC 2026","StudioCMSOptionsSchema tests","Config Schemas tests (Index)","",""
"","0","decodeHTMLStrict with input: foo &lt; bar","@withstudiocms/component-registry Package Tests","Tue Jan 06 05:24:15 UTC 2026","passed","Tue Jan 06 05:24:15 UTC 2026","decodeHTMLStrict Tests","Component Proxy Tests","",""
"","2","ProcessedCacheConfigSchema test case #1","studiocms Package Tests","Tue Jan 06 05:24:22 UTC 2026","passed","Tue Jan 06 05:24:22 UTC 2026","ProcessedCacheConfigSchema tests","Config Schemas tests (SDK)","",""
"","1","StudioCMSOptionsSchema invalid data test case #2","studiocms Package Tests","Tue Jan 06 05:24:32 UTC 2026","passed","Tue Jan 06 05:24:32 UTC 2026","StudioCMSOptionsSchema tests","Config Schemas tests (Index)","",""
"","1","pluginLogger forks logger with correct label for id ""astro-integration""","@withstudiocms/internal_helpers Package Tests","Tue Jan 06 05:23:58 UTC 2026","passed","Tue Jan 06 05:23:58 UTC 2026","pluginLogger - id: astro-integration","Astro Integration Utility Tests","",""
"","0","decode - input: foo &amp; bar","@withstudiocms/component-registry Package Tests","Tue Jan 06 05:24:56 UTC 2026","passed","Tue Jan 06 05:24:56 UTC 2026","decode Tests","Component Proxy Tests","",""
"","0","Middleware - handlerFilter","@withstudiocms/effect Package Tests","Tue Jan 06 05:24:21 UTC 2026","passed","Tue Jan 06 05:24:21 UTC 2026","handlerFilter Tests","Middleware Utility Tests","",""
"","19","ComponentRegistry - registerComponentFromFile - does not error on no props","@withstudiocms/component-registry Package Tests","Tue Jan 06 05:24:01 UTC 2026","passed","Tue Jan 06 05:24:01 UTC 2026","registerComponentFromFile Tests","Component Registry Tests","",""
"","1","getLatestVersion - does not warn if cache read error is ENOENT","@withstudiocms/internal_helpers Package Tests","Tue Jan 06 05:23:58 UTC 2026","passed","Tue Jan 06 05:23:58 UTC 2026","getLatestVersion - does not warn if cache read error is ENOENT","Astro Integration Utility Tests","",""
"throws on unexpected structure","2","loadChangelog - throws on unexpected structure","@withstudiocms/internal_helpers Package Tests","Tue Jan 06 05:24:00 UTC 2026","passed","Tue Jan 06 05:24:00 UTC 2026","loadChangelog - throws on unexpected structure","Utility Functions","",""
"","0","fileWithBase - Strips leading slash and prepends one","@withstudiocms/internal_helpers Package Tests","Tue Jan 06 05:24:10 UTC 2026","passed","Tue Jan 06 05:24:10 UTC 2026","fileWithBase - Strips leading slash and prepends one","Path Generators Tests","",""
"","1","Const: versionCacheLifetime","studiocms Package Tests","Tue Jan 06 05:24:11 UTC 2026","passed","Tue Jan 06 05:24:11 UTC 2026","Const: versionCacheLifetime","consts.ts tests","",""
"","0","firstUpperCase('!hello') should return '!hello'","@studiocms/wysiwyg Package Tests","Tue Jan 06 05:24:37 UTC 2026","passed","Tue Jan 06 05:24:37 UTC 2026","firstUpperCase Function Tests","Utils Tests","",""
"","0","decodeHTML (edge cases) with input: plain text","@withstudiocms/component-registry Package Tests","Tue Jan 06 05:24:15 UTC 2026","passed","Tue Jan 06 05:24:15 UTC 2026","decodeHTML (edge cases) Tests","Component Proxy Tests","",""
"","45","produces an effect that dies with the correct error message for DialectDeterminationError","@withstudiocms/kysely Package Tests","Tue Jan 06 05:25:01 UTC 2026","passed","Tue Jan 06 05:25:01 UTC 2026","handleCause Utility","Error Utilities","",""
"","11","KyselyTableManager creates tables with indexes and foreign keys","@withstudiocms/kysely Package Tests","Tue Jan 06 05:24:08 UTC 2026","passed","Tue Jan 06 05:24:08 UTC 2026","KyselyTableManager creates tables with indexes and foreign keys","Plugin Utilities","",""
"","4","Scrypt - ScryptError tests","@withstudiocms/effect Package Tests","Tue Jan 06 05:24:00 UTC 2026","passed","Tue Jan 06 05:24:00 UTC 2026","ScryptError Tests","Scrypt Service Tests","",""
"","1","warn logs message at specified logLevel when verbose is undefined","@withstudiocms/internal_helpers Package Tests","Tue Jan 06 05:23:58 UTC 2026","passed","Tue Jan 06 05:23:58 UTC 2026","integrationLogger - warn method","Astro Integration Utility Tests","",""
"","3","should generate default head tags without optional ogImage and canonical","studiocms Package Tests","Tue Jan 06 05:24:33 UTC 2026","passed","Tue Jan 06 05:24:33 UTC 2026","headDefaults test","Head Defaults Virtual tests","",""
"","1","StudioCMSOptionsSchema specific field test case #4","studiocms Package Tests","Tue Jan 06 05:24:32 UTC 2026","passed","Tue Jan 06 05:24:32 UTC 2026","StudioCMSOptionsSchema tests","Config Schemas tests (Index)","",""
"","6","Notifier Client Virtual - notificationOptions contains expected values","studiocms Package Tests","Tue Jan 06 05:24:33 UTC 2026","passed","Tue Jan 06 05:24:33 UTC 2026","notificationOptions test","Notifier Client Virtual tests","",""
"","4","Components Container tests - PageHeader with badge component","studiocms Package Tests","Tue Jan 06 05:24:41 UTC 2026","passed","Tue Jan 06 05:24:41 UTC 2026","Components Container tests - PageHeader with badge component","Components Container tests","",""
"","1","should handle very long URLs","@studiocms/cloudinary-image-service Package Tests","Tue Jan 06 05:24:02 UTC 2026","passed","Tue Jan 06 05:24:02 UTC 2026","Image URL Generation Tests","Cloudinary Image Service - Image URL Generation Tests","",""
"","1","sdkRouteResolver('status') should return '/studiocms_api/sdk/status'","studiocms Package Tests","Tue Jan 06 05:24:33 UTC 2026","passed","Tue Jan 06 05:24:33 UTC 2026","sdkRouteResolver test","Make API Route Virtual tests","",""
"","0","should handle absolute path segments in resolve","@withstudiocms/internal_helpers Package Tests","Tue Jan 06 05:24:10 UTC 2026","passed","Tue Jan 06 05:24:10 UTC 2026","should handle absolute path segments in resolve","Path Resolver Tests","",""
"","1","getLatestVersion - Warns if cache read error is not ENOENT","@withstudiocms/internal_helpers Package Tests","Tue Jan 06 05:23:58 UTC 2026","passed","Tue Jan 06 05:23:58 UTC 2026","getLatestVersion - Warns if cache read error is not ENOENT","Astro Integration Utility Tests","",""
"parses GitHub usernames in changelog markdown to links","14","loadChangelog - parses GitHub usernames to links","@withstudiocms/internal_helpers Package Tests","Tue Jan 06 05:24:00 UTC 2026","passed","Tue Jan 06 05:24:00 UTC 2026","loadChangelog - parses GitHub usernames to links","Utility Functions","",""
"","1","OpenClosedSchema should reject invalid value: ""active""","@studiocms/devapps Package Tests","Tue Jan 06 05:24:00 UTC 2026","passed","Tue Jan 06 05:24:00 UTC 2026","OpenClosedSchema Tests","WordPress API Schema Tests","",""
"","24","Kysely client can perform a simple query","@withstudiocms/kysely Package Tests","Tue Jan 06 05:24:26 UTC 2026","passed","Tue Jan 06 05:24:27 UTC 2026","Kysely client can perform a simple query","Client Core Functionality","",""
"","10","getUserPermissions test case #5","studiocms Package Tests","Tue Jan 06 05:24:18 UTC 2026","passed","Tue Jan 06 05:24:18 UTC 2026","getUserPermissions tests","Middleware Utils tests","",""
"","2","User Module - getUserData returns logged in session for valid user","@withstudiocms/auth-kit Package Tests","Tue Jan 06 05:24:05 UTC 2026","passed","Tue Jan 06 05:24:05 UTC 2026","getUserData Tests","User Module Tests","",""
"","0","Utility - integrationLogger does not log info/debug when verbose is false for logLevel warn","@withstudiocms/component-registry Package Tests","Tue Jan 06 05:24:04 UTC 2026","passed","Tue Jan 06 05:24:04 UTC 2026","integrationLogger Tests","Utility Tests","",""
"","1","trimInput('null') should return 'undefined'","@studiocms/blog Package Tests","Tue Jan 06 05:24:37 UTC 2026","passed","Tue Jan 06 05:24:37 UTC 2026","trimInput Tests","Component Helper Tests","",""
"","1","should correctly parse custom config","@studiocms/blog Package Tests","Tue Jan 06 05:24:21 UTC 2026","passed","Tue Jan 06 05:24:21 UTC 2026","FrontEndConfigSchema Custom Config Tests","Type Definitions Tests","",""
"","0","User Utility - getLevel","@withstudiocms/auth-kit Package Tests","Tue Jan 06 05:24:24 UTC 2026","passed","Tue Jan 06 05:24:24 UTC 2026","getLevel Tests","User Utility Tests","",""
"","2","logMessages - logs messages at various levels when verbose is true","@withstudiocms/internal_helpers Package Tests","Tue Jan 06 05:23:58 UTC 2026","passed","Tue Jan 06 05:23:58 UTC 2026","logMessages - logs messages at various levels when verbose is true","Astro Integration Utility Tests","",""
"","0","should have correct type and default for blog.title","@studiocms/blog Package Tests","Tue Jan 06 05:24:21 UTC 2026","passed","Tue Jan 06 05:24:21 UTC 2026","FrontEndConfigSchema Tests","Type Definitions Tests","",""
"","1","oAuthButtonProviders should map oAuthButtons to providerData correctly","studiocms Package Tests","Tue Jan 06 05:24:36 UTC 2026","passed","Tue Jan 06 05:24:36 UTC 2026","oAuthButtonProviders - providerData test","Components Utils tests","",""
"","0","appendSearchParamsToUrl (uncurried) appends param correctly","@withstudiocms/effect Package Tests","Tue Jan 06 05:24:41 UTC 2026","passed","Tue Jan 06 05:24:41 UTC 2026","appendSearchParamsToUrl Tests","Effect Utility Tests","",""
"","7","Plugin Creation - Validates Plugin Structure and Options","@studiocms/mdx Package Tests","Tue Jan 06 05:24:20 UTC 2026","passed","Tue Jan 06 05:24:20 UTC 2026","Plugin Creation Tests","studiocmsMDX Plugin Tests","",""
"","0","HeadConfigSchema - Applies defaults","@withstudiocms/internal_helpers Package Tests","Tue Jan 06 05:24:07 UTC 2026","passed","Tue Jan 06 05:24:07 UTC 2026","HeadConfigSchema - Applies defaults","HeadConfigSchema Tests","",""
"","9","Deepmerge - Effect Service - merges two simple objects","@withstudiocms/effect Package Tests","Tue Jan 06 05:24:30 UTC 2026","passed","Tue Jan 06 05:24:30 UTC 2026","Deepmerge Effect Service Tests","Deepmerge Utility Tests","",""
"","0","Utility - convertHyphensToUnderscores converts ""-hello-world-"" to ""_hello_world_""","@withstudiocms/component-registry Package Tests","Tue Jan 06 05:24:04 UTC 2026","passed","Tue Jan 06 05:24:04 UTC 2026","convertHyphensToUnderscores Tests","Utility Tests","",""
"","1","verifyUserPermissionLevel('visitor', 'editor') should return false","studiocms Package Tests","Tue Jan 06 05:25:05 UTC 2026","passed","Tue Jan 06 05:25:05 UTC 2026","verifyUserPermissionLevel('visitor', 'editor') should return false","UserQuickTools Virtual Script tests","",""
"","1","TransformHTML Test Case","@withstudiocms/component-registry Package Tests","Tue Jan 06 05:24:20 UTC 2026","passed","Tue Jan 06 05:24:20 UTC 2026","transformHTML Tests","TransformHTML Tests","",""
"","1","quoteIdent correctly quotes identifier for sqlite","@withstudiocms/kysely Package Tests","Tue Jan 06 05:24:16 UTC 2026","passed","Tue Jan 06 05:24:16 UTC 2026","quoteIdent Utility","Trigger Utilities","",""
"","3","updateToggleElmLabel updates toggle label for ""toggle2"" correctly","studiocms Package Tests","Tue Jan 06 05:25:05 UTC 2026","passed","Tue Jan 06 05:25:05 UTC 2026","updateToggleElmLabel tests","i18n Client Virtuals tests","",""
"","13","Should return original src when Cloudinary throws an error","@studiocms/cloudinary-image-service Package Tests","Tue Jan 06 05:24:02 UTC 2026","passed","Tue Jan 06 05:24:02 UTC 2026","Image URL Generation Tests","Cloudinary Image Service - Image URL Generation Tests","",""
"","2","Response Helpers - createTextResponse","@withstudiocms/effect Package Tests","Tue Jan 06 05:24:09 UTC 2026","passed","Tue Jan 06 05:24:09 UTC 2026","createTextResponse Tests","Response Helpers Tests","",""
"","18","Scrypt - makeScrypt creates Scrypt instance with valid config","@withstudiocms/auth-kit Package Tests","Tue Jan 06 05:24:50 UTC 2026","passed","Tue Jan 06 05:24:50 UTC 2026","makeScrypt Tests","Default Module Tests","",""
"","1","User Utility - verifyUsernameCharacters","@withstudiocms/auth-kit Package Tests","Tue Jan 06 05:24:24 UTC 2026","passed","Tue Jan 06 05:24:24 UTC 2026","verifyUsernameCharacters Tests","User Utility Tests","",""
"","0","PostFormatSchema should validate value: ""chat""","@studiocms/devapps Package Tests","Tue Jan 06 05:24:00 UTC 2026","passed","Tue Jan 06 05:24:00 UTC 2026","PostFormatSchema Tests","WordPress API Schema Tests","",""
"throws error if comp is empty string","0","pageContentComponentFilter - throws error if comp is empty string","@withstudiocms/internal_helpers Package Tests","Tue Jan 06 05:24:00 UTC 2026","passed","Tue Jan 06 05:24:00 UTC 2026","pageContentComponentFilter - throws error if comp is empty string","Utility Functions","",""
"","0","renderMarkDoc handles empty content","@studiocms/markdoc Package Tests","Tue Jan 06 05:24:12 UTC 2026","passed","Tue Jan 06 05:24:12 UTC 2026","renderMarkDoc Function Tests","MarkDoc Render Library Tests","",""
"","1","printInfo logs correctly for fileSize: 5, executionTime: 50","studiocms Package Tests","Tue Jan 06 05:24:09 UTC 2026","passed","Tue Jan 06 05:24:09 UTC 2026","printInfo tests","Robots Core Utils","",""
"","1","AuthKitOptions - Throws if session.cookieName is missing or empty","@withstudiocms/auth-kit Package Tests","Tue Jan 06 05:24:11 UTC 2026","passed","Tue Jan 06 05:24:11 UTC 2026","AuthKitOptions Tests","Config Tests","",""
"","1","StudioCMSOptionsSchema specific field test case #2","studiocms Package Tests","Tue Jan 06 05:24:32 UTC 2026","passed","Tue Jan 06 05:24:32 UTC 2026","StudioCMSOptionsSchema tests","Config Schemas tests (Index)","",""
"","8","BaseHead renders correctly with all props","@studiocms/blog Package Tests","Tue Jan 06 05:24:09 UTC 2026","passed","Tue Jan 06 05:24:09 UTC 2026","BaseHead Component Tests","Component Tests","",""
"","3","Zod Utils - parseConfig Test","@withstudiocms/config-utils Package Tests","Tue Jan 06 05:24:28 UTC 2026","passed","Tue Jan 06 05:24:28 UTC 2026","parseConfig Tests","Zod Utility Tests","",""
"","0","parse Invalid Test Case #4","@studiocms/wysiwyg Package Tests","Tue Jan 06 05:24:37 UTC 2026","passed","Tue Jan 06 05:24:37 UTC 2026","parse Function Invalid Input Tests","Utils Tests","",""
"","2","Context Utils - readAPIContextFormData","@withstudiocms/effect Package Tests","Tue Jan 06 05:24:13 UTC 2026","passed","Tue Jan 06 05:24:13 UTC 2026","readAPIContextFormData Tests","Context Utils Tests","",""
"","0","APIEndpointConfig - should ensure config is defined","@studiocms/devapps Package Tests","Tue Jan 06 05:24:06 UTC 2026","passed","Tue Jan 06 05:24:06 UTC 2026","Configuration Validation Tests","WordPress API Config Tests","",""
"","0","Utility - getIndent returns "" "" for input "" ""","@withstudiocms/component-registry Package Tests","Tue Jan 06 05:24:04 UTC 2026","passed","Tue Jan 06 05:24:04 UTC 2026","getIndent Tests","Utility Tests","",""
"","3","should use default shared config","@studiocms/mdx Package Tests","Tue Jan 06 05:24:07 UTC 2026","passed","Tue Jan 06 05:24:07 UTC 2026","MDX Rendering Tests","renderMDX Function Tests","",""
"","1","Plugin Creation - Validates Handling of Unknown Properties","@studiocms/html Package Tests","Tue Jan 06 05:24:10 UTC 2026","passed","Tue Jan 06 05:24:10 UTC 2026","Plugin Creation Unknown Properties Tests","studiocmsHTML Plugin Tests","",""
"","0","Middleware - handlerFilter","@withstudiocms/effect Package Tests","Tue Jan 06 05:24:21 UTC 2026","passed","Tue Jan 06 05:24:21 UTC 2026","handlerFilter Tests","Middleware Utility Tests","",""
"","1","TransformHTML - Integration Test","@withstudiocms/component-registry Package Tests","Tue Jan 06 05:24:20 UTC 2026","passed","Tue Jan 06 05:24:20 UTC 2026","Integration Test","TransformHTML Tests","",""
"","3","Scrypt - Service Tests - Should work with key length: 128","@withstudiocms/effect Package Tests","Tue Jan 06 05:24:01 UTC 2026","passed","Tue Jan 06 05:24:01 UTC 2026","ScryptService Tests","Scrypt Service Tests","",""
"","0","should create resolver from process.cwd()","@withstudiocms/internal_helpers Package Tests","Tue Jan 06 05:24:10 UTC 2026","passed","Tue Jan 06 05:24:10 UTC 2026","should create resolver from process.cwd()","Path Resolver Tests","",""
"","2","getLatestVersion - Writes cache after fetching in dev mode","@withstudiocms/internal_helpers Package Tests","Tue Jan 06 05:23:58 UTC 2026","passed","Tue Jan 06 05:23:58 UTC 2026","getLatestVersion - Writes cache after fetching in dev mode","Astro Integration Utility Tests","",""
"","0","UseBlogPkgConfig - should ensure config is defined","@studiocms/devapps Package Tests","Tue Jan 06 05:24:06 UTC 2026","passed","Tue Jan 06 05:24:06 UTC 2026","Configuration Validation Tests","WordPress API Config Tests","",""
"","1","toUpperKeyword correctly uppercases SQL keyword ""delete""","@withstudiocms/kysely Package Tests","Tue Jan 06 05:24:16 UTC 2026","passed","Tue Jan 06 05:24:16 UTC 2026","toUpperKeyword Utility","Trigger Utilities","",""
"","1","parse('{""name"": ""John"", ""age"": 30}') should return expected object","@studiocms/wysiwyg Package Tests","Tue Jan 06 05:24:37 UTC 2026","passed","Tue Jan 06 05:24:37 UTC 2026","parse Function Tests","Utils Tests","",""
"","0","Password Utility - constantTimeEqual - should return false for inputs ""abc"" and ""abcd""","@withstudiocms/auth-kit Package Tests","Tue Jan 06 05:24:25 UTC 2026","passed","Tue Jan 06 05:24:25 UTC 2026","constantTimeEqual Tests","Password Utility Tests","",""
"","0","parse('[1, 2, 3, ""test""]') should return expected object","@studiocms/wysiwyg Package Tests","Tue Jan 06 05:24:37 UTC 2026","passed","Tue Jan 06 05:24:37 UTC 2026","parse Function Tests","Utils Tests","",""
"trims leading and trailing underscores","0","convertToSafeString - trims leading and trailing underscores","@withstudiocms/internal_helpers Package Tests","Tue Jan 06 05:24:00 UTC 2026","passed","Tue Jan 06 05:24:00 UTC 2026","convertToSafeString - trims leading and trailing underscores","Utility Functions","",""
"returns empty string for input with only underscores","0","convertToSafeString - returns empty string for input with only underscores","@withstudiocms/internal_helpers Package Tests","Tue Jan 06 05:24:00 UTC 2026","passed","Tue Jan 06 05:24:00 UTC 2026","convertToSafeString - returns empty string for input with only underscores","Utility Functions","",""
"","3","Session Utility - defaultSessionConfig","@withstudiocms/auth-kit Package Tests","Tue Jan 06 05:24:43 UTC 2026","passed","Tue Jan 06 05:24:43 UTC 2026","defaultSessionConfig Tests","Session Utility Tests","",""
"","1","should resolve relative paths from the directory containing the file","@withstudiocms/internal_helpers Package Tests","Tue Jan 06 05:24:10 UTC 2026","passed","Tue Jan 06 05:24:10 UTC 2026","should resolve relative paths from the directory containing the file","Path Resolver Tests","",""
"","180","Password Module - verifyPasswordStrength returns true for a strong password","@withstudiocms/auth-kit Package Tests","Tue Jan 06 05:24:38 UTC 2026","passed","Tue Jan 06 05:24:38 UTC 2026","verifyPasswordStrength Tests","Password Module Tests","",""
"","1","getLatestVersion - returns null and warns if fetch response is not ok","@withstudiocms/internal_helpers Package Tests","Tue Jan 06 05:23:58 UTC 2026","passed","Tue Jan 06 05:23:58 UTC 2026","getLatestVersion - returns null and warns if fetch response is not ok","Astro Integration Utility Tests","",""
"","0","fromCodePoint with input: 65","@withstudiocms/component-registry Package Tests","Tue Jan 06 05:24:15 UTC 2026","passed","Tue Jan 06 05:24:15 UTC 2026","fromCodePoint Tests","Component Proxy Tests","",""
"","0","pathWithBase - Strips leading slash and prepends one","@withstudiocms/internal_helpers Package Tests","Tue Jan 06 05:24:10 UTC 2026","passed","Tue Jan 06 05:24:10 UTC 2026","pathWithBase - Strips leading slash and prepends one","Path Generators Tests","",""
"","3","Handler - resolver - returns Effect-wrapped resolver function that resolves paths correctly","@withstudiocms/component-registry Package Tests","Tue Jan 06 05:24:04 UTC 2026","passed","Tue Jan 06 05:24:04 UTC 2026","resolver Tests","Utility Tests","",""
"","1","sortByDate test case #8","studiocms Package Tests","Tue Jan 06 05:24:36 UTC 2026","passed","Tue Jan 06 05:24:36 UTC 2026","sortByDate test","Components Utils tests","",""
"","4","stripLeadingSlash('/hello') should return 'hello'","@studiocms/devapps Package Tests","Tue Jan 06 05:24:22 UTC 2026","passed","Tue Jan 06 05:24:22 UTC 2026","stripLeadingSlash Tests","pathGenerator Utility Function Tests","",""
"","60","setLocals - throws error for unknown key","studiocms Package Tests","Tue Jan 06 05:24:18 UTC 2026","passed","Tue Jan 06 05:24:18 UTC 2026","setLocals tests - UNKNOWN KEY","Middleware Utils tests","",""
"","7","Zod Utils - parseConfig Test","@withstudiocms/config-utils Package Tests","Tue Jan 06 05:24:28 UTC 2026","passed","Tue Jan 06 05:24:28 UTC 2026","parseConfig Tests","Zod Utility Tests","",""
"","0","parse Invalid Test Case #6","@studiocms/wysiwyg Package Tests","Tue Jan 06 05:24:37 UTC 2026","passed","Tue Jan 06 05:24:37 UTC 2026","parse Function Invalid Input Tests","Utils Tests","",""
"","0","PostFormatSchema should validate value: ""quote""","@studiocms/devapps Package Tests","Tue Jan 06 05:24:00 UTC 2026","passed","Tue Jan 06 05:24:00 UTC 2026","PostFormatSchema Tests","WordPress API Schema Tests","",""
"","1","Const: routesDir.api","studiocms Package Tests","Tue Jan 06 05:24:11 UTC 2026","passed","Tue Jan 06 05:24:11 UTC 2026","Const: routesDir.api","consts.ts tests","",""
"","63","Scrypt - makeScrypt test hash succeeds","@withstudiocms/auth-kit Package Tests","Tue Jan 06 05:24:50 UTC 2026","passed","Tue Jan 06 05:24:50 UTC 2026","makeScrypt Tests","Default Module Tests","",""
"","1","getUserPermissionLevel test case #5","studiocms Package Tests","Tue Jan 06 05:24:18 UTC 2026","passed","Tue Jan 06 05:24:18 UTC 2026","getUserPermissionLevel tests","Middleware Utils tests","",""
"","2","WYSIWYGSchema Invalid Test Case #1","@studiocms/wysiwyg Package Tests","Tue Jan 06 05:24:35 UTC 2026","passed","Tue Jan 06 05:24:35 UTC 2026","WYSIWYGSchema Invalid Input Tests","WYSIWYG Types Tests","",""
"","7","renders markdown correctly for flavor: studiocms","@studiocms/md Package Tests","Tue Jan 06 05:24:43 UTC 2026","passed","Tue Jan 06 05:24:43 UTC 2026","Markdown Rendering Tests","markdown-prerender Module Tests","",""
"","0","ensureLeadingAndTrailingSlashes adds both slashes","@withstudiocms/internal_helpers Package Tests","Tue Jan 06 05:24:10 UTC 2026","passed","Tue Jan 06 05:24:10 UTC 2026","ensureLeadingAndTrailingSlashes adds both slashes","Path Generators Tests","",""
"","1","Const: routesDir.v1Rest","studiocms Package Tests","Tue Jan 06 05:24:11 UTC 2026","passed","Tue Jan 06 05:24:11 UTC 2026","Const: routesDir.v1Rest","consts.ts tests","",""
"","0","stripTrailingSlash('') should return ''","@studiocms/devapps Package Tests","Tue Jan 06 05:24:22 UTC 2026","passed","Tue Jan 06 05:24:22 UTC 2026","stripTrailingSlash Tests","pathGenerator Utility Function Tests","",""
"throws on unknown semver category","2","loadChangelog - throws on unknown semver category","@withstudiocms/internal_helpers Package Tests","Tue Jan 06 05:24:00 UTC 2026","passed","Tue Jan 06 05:24:00 UTC 2026","loadChangelog - throws on unknown semver category","Utility Functions","",""
"","1","closeOnOutsideClick - should not dispatch toggle-app event when clicking inside astro-dev-toolbar or additionalCheck returns true","@studiocms/devapps Package Tests","Tue Jan 06 05:24:16 UTC 2026","passed","Tue Jan 06 05:24:16 UTC 2026","closeOnOutsideClick Tests","app-utils Utility Function Tests","",""
"","4","Session Utility - makeSessionId returns a valid hex string for a token","@withstudiocms/auth-kit Package Tests","Tue Jan 06 05:24:43 UTC 2026","passed","Tue Jan 06 05:24:43 UTC 2026","makeSessionId Tests","Session Utility Tests","",""
"","1","generateHostContent returns empty string for host: localhost","studiocms Package Tests","Tue Jan 06 05:24:09 UTC 2026","passed","Tue Jan 06 05:24:09 UTC 2026","generateHostContent tests","Robots Core Utils","",""
"","7","AuthKitOptions - merges session config with defaults","@withstudiocms/auth-kit Package Tests","Tue Jan 06 05:24:11 UTC 2026","passed","Tue Jan 06 05:24:11 UTC 2026","AuthKitOptions Tests","Config Tests","",""
"","0","stripHtmlExtension removes .html extension","@withstudiocms/internal_helpers Package Tests","Tue Jan 06 05:24:10 UTC 2026","passed","Tue Jan 06 05:24:10 UTC 2026","stripHtmlExtension removes .html extension","Path Generators Tests","",""
"parses example changelog markdown","37","loadChangelog - parses example changelog markdown","@withstudiocms/internal_helpers Package Tests","Tue Jan 06 05:24:00 UTC 2026","passed","Tue Jan 06 05:24:00 UTC 2026","loadChangelog - parses example changelog markdown","Utility Functions","",""
"","0","parse('""hello""') should return expected object","@studiocms/wysiwyg Package Tests","Tue Jan 06 05:24:37 UTC 2026","passed","Tue Jan 06 05:24:37 UTC 2026","parse Function Tests","Utils Tests","",""
"","7","SMTPService - Transport Status Methods (getVersionString)","@withstudiocms/effect Package Tests","Tue Jan 06 05:24:11 UTC 2026","passed","Tue Jan 06 05:24:11 UTC 2026","Transport Status Method Tests","SMTP Service Tests","",""
"","4","definePlugin returns correct plugin object","studiocms Package Tests","Tue Jan 06 05:24:26 UTC 2026","passed","Tue Jan 06 05:24:26 UTC 2026","definePlugin returns correct plugin object","Plugins Schemas tests","",""
"","0","trimInput(' hello world ') should return 'hello world'","@studiocms/blog Package Tests","Tue Jan 06 05:24:37 UTC 2026","passed","Tue Jan 06 05:24:37 UTC 2026","trimInput Tests","Component Helper Tests","",""
"","7","developerConfigSchema test case #1","studiocms Package Tests","Tue Jan 06 05:24:56 UTC 2026","passed","Tue Jan 06 05:24:56 UTC 2026","developerConfigSchema tests","Config Schemas tests (Developer)","",""
"","1","Default Template Engine tests - verifyEmail template","studiocms Package Tests","Tue Jan 06 05:24:54 UTC 2026","passed","Tue Jan 06 05:24:54 UTC 2026","Default Template Engine tests - verifyEmail template","Default Template Engine tests","",""
"","1","Schema test case #2 | Current Schema: StudioCMSColorway","studiocms Package Tests","Tue Jan 06 05:24:25 UTC 2026","passed","Tue Jan 06 05:24:25 UTC 2026","Schema Tests","Plugins Schemas tests (Shared)","",""
"","2","formatNotificationOptions should format [account_updated, new_page, user_deleted] as ""account_updated, new_page, user_deleted""","studiocms Package Tests","Tue Jan 06 05:24:33 UTC 2026","passed","Tue Jan 06 05:24:33 UTC 2026","formatNotificationOptions should format [account_updated, new_page, user_deleted] as ""account_updated, new_page, user_deleted""","Notifier Client Virtual tests","",""
"","0","firstUpperCase('hELLO') should return 'HELLO'","@studiocms/wysiwyg Package Tests","Tue Jan 06 05:24:37 UTC 2026","passed","Tue Jan 06 05:24:37 UTC 2026","firstUpperCase Function Tests","Utils Tests","",""
"","0","AstroAPIContextProvider - should ensure config is defined","@studiocms/devapps Package Tests","Tue Jan 06 05:24:06 UTC 2026","passed","Tue Jan 06 05:24:06 UTC 2026","Configuration Validation Tests","WordPress API Config Tests","",""
"","6","Default Template Engine tests - notifications template","studiocms Package Tests","Tue Jan 06 05:24:54 UTC 2026","passed","Tue Jan 06 05:24:54 UTC 2026","Default Template Engine tests - notifications template","Default Template Engine tests","",""
"","1","SafePluginListSchema test case #2","studiocms Package Tests","Tue Jan 06 05:24:26 UTC 2026","passed","Tue Jan 06 05:24:26 UTC 2026","SafePluginListSchema tests","Plugins Schemas tests","",""
"","1","verifyUserPermissionLevel('unknown', 'visitor') should return false","studiocms Package Tests","Tue Jan 06 05:25:05 UTC 2026","passed","Tue Jan 06 05:25:05 UTC 2026","verifyUserPermissionLevel('unknown', 'visitor') should return false","UserQuickTools Virtual Script tests","",""
"","3","User Module - getUserPasswordHash fails if user not found","@withstudiocms/auth-kit Package Tests","Tue Jan 06 05:24:05 UTC 2026","passed","Tue Jan 06 05:24:05 UTC 2026","getUserPasswordHash Tests","User Module Tests","",""
"","2","StudioCMSSanitizeOptionsSchema test case #3","studiocms Package Tests","Tue Jan 06 05:24:26 UTC 2026","passed","Tue Jan 06 05:24:26 UTC 2026","StudioCMSSanitizeOptionsSchema tests","Plugins Schemas tests","",""
"","0","TemplateRenderer - Handling undefined values","@withstudiocms/template-lang Package Tests","Tue Jan 06 05:23:59 UTC 2026","passed","Tue Jan 06 05:23:59 UTC 2026","TemplateRenderer - Handling undefined values","TemplateRenderer Tests","",""
"","1","Schema test case #14 | Current Schema: SettingsPageSchema","studiocms Package Tests","Tue Jan 06 05:24:25 UTC 2026","passed","Tue Jan 06 05:24:25 UTC 2026","Schema Tests","Plugins Schemas tests (Shared)","",""
"","0","Utility - getIndent returns "" "" for input "" hello world""","@withstudiocms/component-registry Package Tests","Tue Jan 06 05:24:04 UTC 2026","passed","Tue Jan 06 05:24:04 UTC 2026","getIndent Tests","Utility Tests","",""
"","4","getSluggedRoute - should return correct slugged route","studiocms Package Tests","Tue Jan 06 05:24:27 UTC 2026","passed","Tue Jan 06 05:24:27 UTC 2026","getSluggedRoute test","Route Map Virtual tests","",""
"","0","WYSIWYGSchema Invalid Test Case #2","@studiocms/wysiwyg Package Tests","Tue Jan 06 05:24:35 UTC 2026","passed","Tue Jan 06 05:24:35 UTC 2026","WYSIWYGSchema Invalid Input Tests","WYSIWYG Types Tests","",""
"","0","decodeHTMLAttribute with input: foo &amp bar","@withstudiocms/component-registry Package Tests","Tue Jan 06 05:24:15 UTC 2026","passed","Tue Jan 06 05:24:15 UTC 2026","decodeHTMLAttribute Tests","Component Proxy Tests","",""
"","1","StudioCMSRoutes.mainLinks.contentManagementCreate should be defined","studiocms Package Tests","Tue Jan 06 05:24:27 UTC 2026","passed","Tue Jan 06 05:24:27 UTC 2026","StudioCMSRoutes.mainLinks.contentManagementCreate test","Route Map Virtual tests","",""
"","0","isFaviconExt should return false for invalid extension","@studiocms/blog Package Tests","Tue Jan 06 05:24:21 UTC 2026","passed","Tue Jan 06 05:24:21 UTC 2026","isFaviconExt Function Tests","Type Definitions Tests","",""
"","764","decode-data-html - htmlDecodeTree properties","@withstudiocms/component-registry Package Tests","Tue Jan 06 05:25:00 UTC 2026","passed","Tue Jan 06 05:25:01 UTC 2026","decode-data-html Tests","Component Proxy Tests","",""
"","1","should generate Cloudinary URL for external HTTP image","@studiocms/cloudinary-image-service Package Tests","Tue Jan 06 05:24:02 UTC 2026","passed","Tue Jan 06 05:24:02 UTC 2026","Image URL Generation Tests","Cloudinary Image Service - Image URL Generation Tests","",""
"","1","parseCallouts returns correct value for opt: obsidian","@studiocms/md Package Tests","Tue Jan 06 05:24:43 UTC 2026","passed","Tue Jan 06 05:24:43 UTC 2026","parseCallouts Tests","markdown-prerender Module Tests","",""
"","0","Const: GhostUserDefaults.id","studiocms Package Tests","Tue Jan 06 05:24:11 UTC 2026","passed","Tue Jan 06 05:24:11 UTC 2026","Const: GhostUserDefaults.id","consts.ts tests","",""
"","0","User Utility - verifyUsernameLength","@withstudiocms/auth-kit Package Tests","Tue Jan 06 05:24:24 UTC 2026","passed","Tue Jan 06 05:24:24 UTC 2026","verifyUsernameLength Tests","User Utility Tests","",""
"","0","Const: AuthSessionCookieName","studiocms Package Tests","Tue Jan 06 05:24:11 UTC 2026","passed","Tue Jan 06 05:24:11 UTC 2026","Const: AuthSessionCookieName","consts.ts tests","",""
"","1","getCookie should throw AstroError for malformed cookies object","studiocms Package Tests","Tue Jan 06 05:24:35 UTC 2026","passed","Tue Jan 06 05:24:35 UTC 2026","getCookie tests","oAuthUtils tests","",""
"","0","TransformHTML Sanitization Test Case","@withstudiocms/component-registry Package Tests","Tue Jan 06 05:24:20 UTC 2026","passed","Tue Jan 06 05:24:20 UTC 2026","transformHTML Sanitization Tests","TransformHTML Tests","",""
"","41","WYSIWYG Editor Component Test Case #1","@studiocms/wysiwyg Package Tests","Tue Jan 06 05:24:52 UTC 2026","passed","Tue Jan 06 05:24:52 UTC 2026","WYSIWYG Editor Component Tests","StudioCMS WYSIWYG Plugin Tests","",""
"","0","isFaviconExt should return true for valid extension","@studiocms/blog Package Tests","Tue Jan 06 05:24:21 UTC 2026","passed","Tue Jan 06 05:24:21 UTC 2026","isFaviconExt Function Tests","Type Definitions Tests","",""
"","0","should reject invalid favicon extension: /favicon.webp","@studiocms/blog Package Tests","Tue Jan 06 05:24:21 UTC 2026","passed","Tue Jan 06 05:24:21 UTC 2026","FrontEndConfigSchema Favicon Tests","Type Definitions Tests","",""
"","1","validateUrl throws for invalid sitemap url: http://example.com/sitemap.doc","studiocms Package Tests","Tue Jan 06 05:24:09 UTC 2026","passed","Tue Jan 06 05:24:09 UTC 2026","validateUrl invalid sitemap url tests","Robots Core Utils","",""
"","33","Editor component","@studiocms/html Package Tests","Tue Jan 06 05:25:04 UTC 2026","passed","Tue Jan 06 05:25:04 UTC 2026","Editor Component Tests","Editor Component Tests","",""
"","0","getHeroImage('undefined', Astro) should return 'https://images.unsplash.com/photo-1707343843982-f8275f3994c5?q=80&w=1032&auto=format&fit=crop&ixlib=rb-4.0.3&ixid=M3wxMjA3fDF8MHxwaG90by1wYWdlfHx8fGVufDB8fHx8fA%3D%3D'","@studiocms/blog Package Tests","Tue Jan 06 05:24:37 UTC 2026","passed","Tue Jan 06 05:24:37 UTC 2026","getHeroImage Tests","Component Helper Tests","",""
"","1","Schema test case #9 | Current Schema: i18nLabelSchema","studiocms Package Tests","Tue Jan 06 05:24:25 UTC 2026","passed","Tue Jan 06 05:24:25 UTC 2026","Schema Tests","Plugins Schemas tests (Shared)","",""
"","0","Const: StudioCMSMarkdownDefaults.autoLinkHeadings","studiocms Package Tests","Tue Jan 06 05:24:11 UTC 2026","passed","Tue Jan 06 05:24:11 UTC 2026","Const: StudioCMSMarkdownDefaults.autoLinkHeadings","consts.ts tests","",""
"","2","HeadConfigSchema - createHead merges and sorts head configs","@withstudiocms/internal_helpers Package Tests","Tue Jan 06 05:24:07 UTC 2026","passed","Tue Jan 06 05:24:07 UTC 2026","HeadConfigSchema - createHead merges and sorts head configs","HeadConfigSchema Tests","",""
"","1","Schema test case #8 | Current Schema: i18nLabelSchema","studiocms Package Tests","Tue Jan 06 05:24:25 UTC 2026","passed","Tue Jan 06 05:24:25 UTC 2026","Schema Tests","Plugins Schemas tests (Shared)","",""
"","1","Deepmerge - merges nested objects deeply","@withstudiocms/effect Package Tests","Tue Jan 06 05:24:30 UTC 2026","passed","Tue Jan 06 05:24:30 UTC 2026","deepmerge Effect Tests","Deepmerge Utility Tests","",""
"","1","makePublicRoute('files/') should return 'public/studiocms-resources/files//'","studiocms Package Tests","Tue Jan 06 05:25:02 UTC 2026","passed","Tue Jan 06 05:25:02 UTC 2026","makePublicRoute test","Make Public Route Virtual tests","",""
"","6","safeString test case #1","studiocms Package Tests","Tue Jan 06 05:24:57 UTC 2026","passed","Tue Jan 06 05:24:57 UTC 2026","safeString tests","Dynamic Sitemap Integration and Utils","",""
"","1","resolveBuiltIns test case #4","studiocms Package Tests","Tue Jan 06 05:24:50 UTC 2026","passed","Tue Jan 06 05:24:50 UTC 2026","resolveBuiltIns tests","Integrations tests (Node Namespace Built-ins)","",""
"","6","ValidateAuthCodeError","studiocms Package Tests","Tue Jan 06 05:24:35 UTC 2026","passed","Tue Jan 06 05:24:35 UTC 2026","ValidateAuthCodeError tests","oAuthUtils tests","",""
"","0","Utility - integrationLogger does not log info/debug when verbose is false for logLevel error","@withstudiocms/component-registry Package Tests","Tue Jan 06 05:24:04 UTC 2026","passed","Tue Jan 06 05:24:04 UTC 2026","integrationLogger Tests","Utility Tests","",""
"","1","RenderedProtectData should reject data without required fields","@studiocms/devapps Package Tests","Tue Jan 06 05:24:00 UTC 2026","passed","Tue Jan 06 05:24:00 UTC 2026","RenderedProtectData Tests","WordPress API Schema Tests","",""
"","1","Schema Validation Test #3","@studiocms/html Package Tests","Tue Jan 06 05:24:47 UTC 2026","passed","Tue Jan 06 05:24:47 UTC 2026","Schema Validation Tests","HTMLSchema Type Tests","",""
"","32","Handler - resolver - Catches errors thrown in the callback and returns an Error","@withstudiocms/component-registry Package Tests","Tue Jan 06 05:24:04 UTC 2026","passed","Tue Jan 06 05:24:04 UTC 2026","resolver Tests","Utility Tests","",""
"lowercases the result","0","convertToSafeString - lowercases the result","@withstudiocms/internal_helpers Package Tests","Tue Jan 06 05:24:00 UTC 2026","passed","Tue Jan 06 05:24:00 UTC 2026","convertToSafeString - lowercases the result","Utility Functions","",""
"","1","sortByDate test case #3","studiocms Package Tests","Tue Jan 06 05:24:36 UTC 2026","passed","Tue Jan 06 05:24:36 UTC 2026","sortByDate test","Components Utils tests","",""
"","1","StatusSchema should reject invalid value: ""archived""","@studiocms/devapps Package Tests","Tue Jan 06 05:24:00 UTC 2026","passed","Tue Jan 06 05:24:00 UTC 2026","StatusSchema Tests","WordPress API Schema Tests","",""
"","1","should include correct properties in serverUiTranslations","studiocms Package Tests","Tue Jan 06 05:24:43 UTC 2026","passed","Tue Jan 06 05:24:43 UTC 2026","serverUiTranslations tests","i18n Config tests","",""
"","0","replaceCodePoint with input: 57343","@withstudiocms/component-registry Package Tests","Tue Jan 06 05:24:48 UTC 2026","passed","Tue Jan 06 05:24:48 UTC 2026","replaceCodePoint Tests","Component Proxy Tests","",""
"","1","ColumnType with Select: number, Insert: number, Update: number","@withstudiocms/kysely Package Tests","Tue Jan 06 05:24:46 UTC 2026","passed","Tue Jan 06 05:24:46 UTC 2026","ColumnType Variants","Schema Definitions","",""
"","0","Middleware - handlerFilter","@withstudiocms/effect Package Tests","Tue Jan 06 05:24:21 UTC 2026","passed","Tue Jan 06 05:24:21 UTC 2026","handlerFilter Tests","Middleware Utility Tests","",""
"","3","decode-data-html - htmlDecodeTree structure and content","@withstudiocms/component-registry Package Tests","Tue Jan 06 05:25:00 UTC 2026","passed","Tue Jan 06 05:25:00 UTC 2026","decode-data-html Tests","Component Proxy Tests","",""
"throws SyntaxError on invalid JSON","1","jsonParse - throws SyntaxError on invalid JSON","@withstudiocms/internal_helpers Package Tests","Tue Jan 06 05:24:00 UTC 2026","passed","Tue Jan 06 05:24:00 UTC 2026","jsonParse - throws SyntaxError on invalid JSON","Utility Functions","",""
"","3","Scrypt - Service Tests - Should work with key length: 64","@withstudiocms/effect Package Tests","Tue Jan 06 05:24:01 UTC 2026","passed","Tue Jan 06 05:24:01 UTC 2026","ScryptService Tests","Scrypt Service Tests","",""
"","4472","SMTPService - Full Integration Test","@withstudiocms/effect Package Tests","Tue Jan 06 05:24:11 UTC 2026","passed","Tue Jan 06 05:24:16 UTC 2026","Integration Tests","SMTP Service Tests","",""
"","0","TemplateRenderer - Missing variable with default empty string","@withstudiocms/template-lang Package Tests","Tue Jan 06 05:23:59 UTC 2026","passed","Tue Jan 06 05:23:59 UTC 2026","TemplateRenderer - Missing variable with default empty string","TemplateRenderer Tests","",""
"","0","WYSIWYGSchema Invalid Test Case #7","@studiocms/wysiwyg Package Tests","Tue Jan 06 05:24:35 UTC 2026","passed","Tue Jan 06 05:24:35 UTC 2026","WYSIWYGSchema Invalid Input Tests","WYSIWYG Types Tests","",""
"","9","Deepmerge - merges two simple objects","@withstudiocms/effect Package Tests","Tue Jan 06 05:24:30 UTC 2026","passed","Tue Jan 06 05:24:30 UTC 2026","deepmerge Effect Tests","Deepmerge Utility Tests","",""
"","1","Const: routesDir.dashApi","studiocms Package Tests","Tue Jan 06 05:24:11 UTC 2026","passed","Tue Jan 06 05:24:11 UTC 2026","Const: routesDir.dashApi","consts.ts tests","",""
"","0","PostFormatSchema should validate value: ""audio""","@studiocms/devapps Package Tests","Tue Jan 06 05:24:00 UTC 2026","passed","Tue Jan 06 05:24:00 UTC 2026","PostFormatSchema Tests","WordPress API Schema Tests","",""
"","4","WYSIWYGSchema Test Case #1","@studiocms/wysiwyg Package Tests","Tue Jan 06 05:24:35 UTC 2026","passed","Tue Jan 06 05:24:35 UTC 2026","WYSIWYGSchema Validation Tests","WYSIWYG Types Tests","",""
"","1","Const: routesDir.authAPI","studiocms Package Tests","Tue Jan 06 05:24:11 UTC 2026","passed","Tue Jan 06 05:24:11 UTC 2026","Const: routesDir.authAPI","consts.ts tests","",""
"","1","VirtualModuleBuilder - astroComponentVirtual exports components with custom names","studiocms Package Tests","Tue Jan 06 05:24:17 UTC 2026","passed","Tue Jan 06 05:24:17 UTC 2026","VirtualModuleBuilder - astroComponentVirtual test","Virtual Module Utils tests","",""
"","0","Middleware - matchFilterCheck","@withstudiocms/effect Package Tests","Tue Jan 06 05:24:21 UTC 2026","passed","Tue Jan 06 05:24:21 UTC 2026","matchFilterCheck Tests","Middleware Utility Tests","",""
"","1","RenderedData should reject data without rendered field","@studiocms/devapps Package Tests","Tue Jan 06 05:24:00 UTC 2026","passed","Tue Jan 06 05:24:00 UTC 2026","RenderedData Tests","WordPress API Schema Tests","",""
"","0","Watcher Utils - exists Tests","@withstudiocms/config-utils Package Tests","Tue Jan 06 05:24:42 UTC 2026","passed","Tue Jan 06 05:24:42 UTC 2026","exists Test Set","Watcher Utility Tests","",""
"","9","getUserPermissionLevel test case #1","studiocms Package Tests","Tue Jan 06 05:24:18 UTC 2026","passed","Tue Jan 06 05:24:18 UTC 2026","getUserPermissionLevel tests","Middleware Utils tests","",""
"","1","Errors - toComponentProxyError - Basic Functionality","@withstudiocms/component-registry Package Tests","Tue Jan 06 05:24:20 UTC 2026","passed","Tue Jan 06 05:24:20 UTC 2026","toComponentProxyError Tests","Error Tests","",""
"","0","ensureLeadingAndTrailingSlashes adds both slashes","@withstudiocms/internal_helpers Package Tests","Tue Jan 06 05:24:10 UTC 2026","passed","Tue Jan 06 05:24:10 UTC 2026","ensureLeadingAndTrailingSlashes adds both slashes","Path Generators Tests","",""
"","0","ImportPostsEndpointConfig - should create config with useBlogPkg: true","@studiocms/devapps Package Tests","Tue Jan 06 05:24:06 UTC 2026","passed","Tue Jan 06 05:24:06 UTC 2026","ImportPostsEndpointConfig Tests","WordPress API Config Tests","",""
"","1","determineBranch returns valid index for valid branch (char: 97)","@withstudiocms/component-registry Package Tests","Tue Jan 06 05:24:15 UTC 2026","passed","Tue Jan 06 05:24:15 UTC 2026","determineBranch Tests","Component Proxy Tests","",""
"","1","dashboardConfigSchema invalid data test case #2","studiocms Package Tests","Tue Jan 06 05:24:48 UTC 2026","passed","Tue Jan 06 05:24:48 UTC 2026","dashboardConfigSchema tests","Config Schemas tests (Dashboard)","",""
"","0","should accept valid favicon extension: /favicon.svg","@studiocms/blog Package Tests","Tue Jan 06 05:24:21 UTC 2026","passed","Tue Jan 06 05:24:21 UTC 2026","FrontEndConfigSchema Favicon Tests","Type Definitions Tests","",""
"","0","decode - input: &copy;","@withstudiocms/component-registry Package Tests","Tue Jan 06 05:24:56 UTC 2026","passed","Tue Jan 06 05:24:56 UTC 2026","decode Tests","Component Proxy Tests","",""
"","0","StringConfig - should ensure config is defined","@studiocms/devapps Package Tests","Tue Jan 06 05:24:06 UTC 2026","passed","Tue Jan 06 05:24:06 UTC 2026","Configuration Validation Tests","WordPress API Config Tests","",""
"","1","Libravatar Utils - parseUserIdentity with input {""openid"":""https://user:pass@openid.example.com/path""}","@withstudiocms/auth-kit Package Tests","Tue Jan 06 05:24:12 UTC 2026","passed","Tue Jan 06 05:24:12 UTC 2026","parseUserIdentity Tests","Libravatar Utility Tests","",""
"","9","validImages exports correct array structure","studiocms Package Tests","Tue Jan 06 05:24:49 UTC 2026","passed","Tue Jan 06 05:24:49 UTC 2026","validImages tests","validImages Virtual tests","",""
"","5","shows error toast if response is not ok","studiocms Package Tests","Tue Jan 06 05:25:05 UTC 2026","passed","Tue Jan 06 05:25:05 UTC 2026","formListener error response test","Form Listener tests","",""
"","10","BaseHead renders correctly with minimal props","@studiocms/blog Package Tests","Tue Jan 06 05:24:09 UTC 2026","passed","Tue Jan 06 05:24:09 UTC 2026","BaseHead Component Tests","Component Tests","",""
"","1","Default Template Engine tests - passwordReset template","studiocms Package Tests","Tue Jan 06 05:24:54 UTC 2026","passed","Tue Jan 06 05:24:54 UTC 2026","Default Template Engine tests - passwordReset template","Default Template Engine tests","",""
"parses valid JSON string to object","5","jsonParse - parses valid JSON string to object","@withstudiocms/internal_helpers Package Tests","Tue Jan 06 05:24:00 UTC 2026","passed","Tue Jan 06 05:24:00 UTC 2026","jsonParse - parses valid JSON string to object","Utility Functions","",""
"","0","Middleware - handlerFilter","@withstudiocms/effect Package Tests","Tue Jan 06 05:24:21 UTC 2026","passed","Tue Jan 06 05:24:21 UTC 2026","handlerFilter Tests","Middleware Utility Tests","",""
"","0","Utility - dedent correctly dedents input","@withstudiocms/component-registry Package Tests","Tue Jan 06 05:24:04 UTC 2026","passed","Tue Jan 06 05:24:04 UTC 2026","dedent Tests","Utility Tests","",""
"","3","Navigation renders correctly","@studiocms/blog Package Tests","Tue Jan 06 05:24:09 UTC 2026","passed","Tue Jan 06 05:24:09 UTC 2026","Navigation Component Tests","Component Tests","",""
"","0","ImageEndpointConfig - should validate all required fields are present","@studiocms/devapps Package Tests","Tue Jan 06 05:24:06 UTC 2026","passed","Tue Jan 06 05:24:06 UTC 2026","ImageEndpointConfig Tests","WordPress API Config Tests","",""
"","1","getUserPermissionLevel test case #4","studiocms Package Tests","Tue Jan 06 05:24:18 UTC 2026","passed","Tue Jan 06 05:24:18 UTC 2026","getUserPermissionLevel tests","Middleware Utils tests","",""
"","0","replaceCodePoint with input: 136","@withstudiocms/component-registry Package Tests","Tue Jan 06 05:24:48 UTC 2026","passed","Tue Jan 06 05:24:48 UTC 2026","replaceCodePoint Tests","Component Proxy Tests","",""
"","6","useTranslations returns correct translation for key ""title""","studiocms Package Tests","Tue Jan 06 05:24:26 UTC 2026","passed","Tue Jan 06 05:24:26 UTC 2026","useTranslations tests","i18n Server Virtuals tests","",""
"","0","determineBranch returns -1 for invalid branch (char: 9999)","@withstudiocms/component-registry Package Tests","Tue Jan 06 05:24:15 UTC 2026","passed","Tue Jan 06 05:24:15 UTC 2026","determineBranch Tests","Component Proxy Tests","",""
"","0","TemplateRenderer - Missing variable with custom default value","@withstudiocms/template-lang Package Tests","Tue Jan 06 05:23:59 UTC 2026","passed","Tue Jan 06 05:23:59 UTC 2026","TemplateRenderer - Missing variable with custom default value","TemplateRenderer Tests","",""
"","4","WYSIWYG Editor Component Test Case #3","@studiocms/wysiwyg Package Tests","Tue Jan 06 05:24:52 UTC 2026","passed","Tue Jan 06 05:24:52 UTC 2026","WYSIWYG Editor Component Tests","StudioCMS WYSIWYG Plugin Tests","",""
"","2","prevents default event behavior","studiocms Package Tests","Tue Jan 06 05:25:05 UTC 2026","passed","Tue Jan 06 05:25:05 UTC 2026","formListener prevent default test","Form Listener tests","",""
"","1","Should handle StudioCMS flavor with 'vitepress' callout theme","@studiocms/md Package Tests","Tue Jan 06 05:24:14 UTC 2026","passed","Tue Jan 06 05:24:14 UTC 2026","Plugin Creation Tests","studiocmsMD Plugin Tests","",""
"","0","decode - input: &copy;","@withstudiocms/component-registry Package Tests","Tue Jan 06 05:24:56 UTC 2026","passed","Tue Jan 06 05:24:56 UTC 2026","decode Tests","Component Proxy Tests","",""
"","0","PostFormatSchema should validate value: ""video""","@studiocms/devapps Package Tests","Tue Jan 06 05:24:00 UTC 2026","passed","Tue Jan 06 05:24:00 UTC 2026","PostFormatSchema Tests","WordPress API Schema Tests","",""
"","0","Utility - integrationLogger does not log info/debug when verbose is false for logLevel info","@withstudiocms/component-registry Package Tests","Tue Jan 06 05:24:04 UTC 2026","passed","Tue Jan 06 05:24:04 UTC 2026","integrationLogger Tests","Utility Tests","",""
"","111","SMTPService - Verify Transport with Invalid Config","@withstudiocms/effect Package Tests","Tue Jan 06 05:24:06 UTC 2026","passed","Tue Jan 06 05:24:07 UTC 2026","SMTPService Transport Verification Tests","SMTP Service Tests","",""
"","0","Middleware - sortByPriority","@withstudiocms/effect Package Tests","Tue Jan 06 05:24:21 UTC 2026","passed","Tue Jan 06 05:24:21 UTC 2026","sortByPriority Tests","Middleware Utility Tests","",""
"","5","Response Helpers - createJsonResponse","@withstudiocms/effect Package Tests","Tue Jan 06 05:24:09 UTC 2026","passed","Tue Jan 06 05:24:09 UTC 2026","createJsonResponse Tests","Response Helpers Tests","",""
"","0","buildVirtualImport Test Case","@withstudiocms/component-registry Package Tests","Tue Jan 06 05:24:37 UTC 2026","passed","Tue Jan 06 05:24:37 UTC 2026","buildVirtualImport Tests","Registry Constants Tests","",""
"","0","firstUpperCase('Hello') should return 'Hello'","@studiocms/wysiwyg Package Tests","Tue Jan 06 05:24:37 UTC 2026","passed","Tue Jan 06 05:24:37 UTC 2026","firstUpperCase Function Tests","Utils Tests","",""
"","1","getFileSizeInKilobytes returns fractional for non-exact sizes","studiocms Package Tests","Tue Jan 06 05:24:45 UTC 2026","passed","Tue Jan 06 05:24:45 UTC 2026","getFileSizeInKilobytes fractional size test","Robots Utils","",""
"","10","SMTPService - Transport Status Methods (isIdle)","@withstudiocms/effect Package Tests","Tue Jan 06 05:24:11 UTC 2026","passed","Tue Jan 06 05:24:11 UTC 2026","Transport Status Method Tests","SMTP Service Tests","",""
"","0","APIEndpointConfig - should create config for type: pages","@studiocms/devapps Package Tests","Tue Jan 06 05:24:06 UTC 2026","passed","Tue Jan 06 05:24:06 UTC 2026","APIEndpointConfig Tests","WordPress API Config Tests","",""
"","1","v1RestRoute('comments') should return '/studiocms_api/rest/v1/comments'","studiocms Package Tests","Tue Jan 06 05:24:33 UTC 2026","passed","Tue Jan 06 05:24:33 UTC 2026","v1RestRoute test","Make API Route Virtual tests","",""
"","0","should resolve parent directory paths correctly","@withstudiocms/internal_helpers Package Tests","Tue Jan 06 05:24:10 UTC 2026","passed","Tue Jan 06 05:24:10 UTC 2026","should resolve parent directory paths correctly","Path Resolver Tests","",""
"","115","Scrypt - Service Tests - Should produce consistent results for same input","@withstudiocms/effect Package Tests","Tue Jan 06 05:24:01 UTC 2026","passed","Tue Jan 06 05:24:01 UTC 2026","ScryptService Tests","Scrypt Service Tests","",""
"","0","should have correct type and default for injectRoutes","@studiocms/blog Package Tests","Tue Jan 06 05:24:21 UTC 2026","passed","Tue Jan 06 05:24:21 UTC 2026","FrontEndConfigSchema Tests","Type Definitions Tests","",""
"","0","Utility - integrationLogger does not log info/debug when verbose is false for logLevel debug","@withstudiocms/component-registry Package Tests","Tue Jan 06 05:24:04 UTC 2026","passed","Tue Jan 06 05:24:04 UTC 2026","integrationLogger Tests","Utility Tests","",""
"","0","RawPageData - should ensure config is defined","@studiocms/devapps Package Tests","Tue Jan 06 05:24:06 UTC 2026","passed","Tue Jan 06 05:24:06 UTC 2026","Configuration Validation Tests","WordPress API Config Tests","",""
"","1","apiRoute('preview') should return '/studiocms_api/renderer/preview'","studiocms Package Tests","Tue Jan 06 05:24:33 UTC 2026","passed","Tue Jan 06 05:24:33 UTC 2026","apiRoute test","Make API Route Virtual tests","",""
"","2","withinLast30Days test case #3","studiocms Package Tests","Tue Jan 06 05:24:36 UTC 2026","passed","Tue Jan 06 05:24:36 UTC 2026","withinLast30Days test","Components Utils tests","",""
"","1867","SMTPService - Should send email successfully","@withstudiocms/effect Package Tests","Tue Jan 06 05:24:07 UTC 2026","passed","Tue Jan 06 05:24:08 UTC 2026","Mail Sending Tests","SMTP Service Tests","",""
"","0","parse Invalid Test Case #5","@studiocms/wysiwyg Package Tests","Tue Jan 06 05:24:37 UTC 2026","passed","Tue Jan 06 05:24:37 UTC 2026","parse Function Invalid Input Tests","Utils Tests","",""
"","0","TemplateEngine - Should handle missing variables in non-strict mode","@withstudiocms/template-lang Package Tests","Tue Jan 06 05:23:59 UTC 2026","passed","Tue Jan 06 05:23:59 UTC 2026","TemplateEngine - Should handle missing variables in non-strict mode","TemplateEngine Tests","",""
"","0","Libravatar Utils - parseUserIdentity with input {""openid"":""not a url""}","@withstudiocms/auth-kit Package Tests","Tue Jan 06 05:24:12 UTC 2026","passed","Tue Jan 06 05:24:12 UTC 2026","parseUserIdentity Tests","Libravatar Utility Tests","",""
"","0","remapFilterSitemap should return correct locations for filter 'blog'","@studiocms/blog Package Tests","Tue Jan 06 05:24:40 UTC 2026","passed","Tue Jan 06 05:24:40 UTC 2026","remapFilterSitemap Various Cases","remapFilter Utility Tests","",""
"throws on unexpected node type","2","loadChangelog - throws on unexpected node type","@withstudiocms/internal_helpers Package Tests","Tue Jan 06 05:24:00 UTC 2026","passed","Tue Jan 06 05:24:00 UTC 2026","loadChangelog - throws on unexpected node type","Utility Functions","",""
"","2","Clack - useClackErrorPromise returns Effect that succeeds with value if no error is thrown","@withstudiocms/effect Package Tests","Tue Jan 06 05:24:44 UTC 2026","passed","Tue Jan 06 05:24:44 UTC 2026","useClackErrorPromise Tests","Clack Wrapper Tests","",""
"","0","Libravatar Utils - sanitizedTarget","@withstudiocms/auth-kit Package Tests","Tue Jan 06 05:24:12 UTC 2026","passed","Tue Jan 06 05:24:12 UTC 2026","sanitizedTarget Tests","Libravatar Utility Tests","",""
"","0","decodeCodePoint with input: 136 (Deprecated)","@withstudiocms/component-registry Package Tests","Tue Jan 06 05:24:48 UTC 2026","passed","Tue Jan 06 05:24:48 UTC 2026","decodeCodePoint Tests (Deprecated)","Component Proxy Tests","",""
"","0","stripHtmlExtension removes .html extension","@withstudiocms/internal_helpers Package Tests","Tue Jan 06 05:24:10 UTC 2026","passed","Tue Jan 06 05:24:10 UTC 2026","stripHtmlExtension removes .html extension","Path Generators Tests","",""
"","10","User Module - verifyUsernameInput Tests","@withstudiocms/auth-kit Package Tests","Tue Jan 06 05:24:04 UTC 2026","passed","Tue Jan 06 05:24:05 UTC 2026","verifyUsernameInput Tests","User Module Tests","",""
"","0","decodeHTML with input: foo &invalid bar","@withstudiocms/component-registry Package Tests","Tue Jan 06 05:24:15 UTC 2026","passed","Tue Jan 06 05:24:15 UTC 2026","decodeHTML Tests","Component Proxy Tests","",""
"","0","stripLeadingAndTrailingSlashes removes both","@withstudiocms/internal_helpers Package Tests","Tue Jan 06 05:24:10 UTC 2026","passed","Tue Jan 06 05:24:10 UTC 2026","stripLeadingAndTrailingSlashes removes both","Path Generators Tests","",""
"","0","ensureLeadingSlash adds slash if missing","@withstudiocms/internal_helpers Package Tests","Tue Jan 06 05:24:10 UTC 2026","passed","Tue Jan 06 05:24:10 UTC 2026","ensureLeadingSlash adds slash if missing","Path Generators Tests","",""
"","1","resolveBuiltIns test case #7","studiocms Package Tests","Tue Jan 06 05:24:50 UTC 2026","passed","Tue Jan 06 05:24:50 UTC 2026","resolveBuiltIns tests","Integrations tests (Node Namespace Built-ins)","",""
"returns correct export statement for valid input","1","pageContentComponentFilter - returns correct export statement for valid input","@withstudiocms/internal_helpers Package Tests","Tue Jan 06 05:24:00 UTC 2026","passed","Tue Jan 06 05:24:00 UTC 2026","pageContentComponentFilter - returns correct export statement for valid input","Utility Functions","",""
"","14","ComponentRegistry - getAllComponents - multiple components registered","@withstudiocms/component-registry Package Tests","Tue Jan 06 05:24:01 UTC 2026","passed","Tue Jan 06 05:24:01 UTC 2026","getAllComponents Tests","Component Registry Tests","",""
"","0","WYSIWYGSchema Test Case #5","@studiocms/wysiwyg Package Tests","Tue Jan 06 05:24:35 UTC 2026","passed","Tue Jan 06 05:24:35 UTC 2026","WYSIWYGSchema Validation Tests","WYSIWYG Types Tests","",""
"","1","safeString test case #5","studiocms Package Tests","Tue Jan 06 05:24:57 UTC 2026","passed","Tue Jan 06 05:24:57 UTC 2026","safeString tests","Dynamic Sitemap Integration and Utils","",""
"","1","StudioCMSDevAppsSchema should reject invalid config: {""verbose"":""invalid""}","@studiocms/devapps Package Tests","Tue Jan 06 05:24:29 UTC 2026","passed","Tue Jan 06 05:24:29 UTC 2026","StudioCMSDevAppsSchema Tests","Schema Validation Tests","",""
"","0","isFaviconExt should return true for valid extension","@studiocms/blog Package Tests","Tue Jan 06 05:24:21 UTC 2026","passed","Tue Jan 06 05:24:21 UTC 2026","isFaviconExt Function Tests","Type Definitions Tests","",""
"","1","shouldSkipRendering('/_web-vitals') should return true","studiocms Package Tests","Tue Jan 06 05:25:05 UTC 2026","passed","Tue Jan 06 05:25:05 UTC 2026","shouldSkipRendering('/_web-vitals') should return true","UserQuickTools Virtual Script tests","",""
"","10","parses markdown input correctly","studiocms Package Tests","Tue Jan 06 05:24:58 UTC 2026","passed","Tue Jan 06 05:24:58 UTC 2026","parses markdown input correctly","tinyMDParser Utility tests","",""
"","1","sortByDate test case #1","studiocms Package Tests","Tue Jan 06 05:24:36 UTC 2026","passed","Tue Jan 06 05:24:36 UTC 2026","sortByDate test","Components Utils tests","",""
"","1","dashboardConfigSchema optional test case #3","studiocms Package Tests","Tue Jan 06 05:24:48 UTC 2026","passed","Tue Jan 06 05:24:48 UTC 2026","dashboardConfigSchema tests","Config Schemas tests (Dashboard)","",""
"","1","verifyUserPermissionLevel('admin', 'owner') should return false","studiocms Package Tests","Tue Jan 06 05:25:05 UTC 2026","passed","Tue Jan 06 05:25:05 UTC 2026","verifyUserPermissionLevel('admin', 'owner') should return false","UserQuickTools Virtual Script tests","",""
"","6","parses markdown input correctly","studiocms Package Tests","Tue Jan 06 05:24:58 UTC 2026","passed","Tue Jan 06 05:24:58 UTC 2026","parses markdown input correctly","tinyMDParser Utility tests","",""
"","0","toUpperKeyword correctly uppercases SQL keyword ""where""","@withstudiocms/kysely Package Tests","Tue Jan 06 05:24:16 UTC 2026","passed","Tue Jan 06 05:24:16 UTC 2026","toUpperKeyword Utility","Trigger Utilities","",""
"","0","ensureHtmlExtension adds .html if missing","@withstudiocms/internal_helpers Package Tests","Tue Jan 06 05:24:10 UTC 2026","passed","Tue Jan 06 05:24:10 UTC 2026","ensureHtmlExtension adds .html if missing","Path Generators Tests","",""
"","2","getEnabledNotificationCheckboxes - should return empty array for no enabled options","studiocms Package Tests","Tue Jan 06 05:24:33 UTC 2026","passed","Tue Jan 06 05:24:33 UTC 2026","getEnabledNotificationCheckboxes empty test","Notifier Client Virtual tests","",""
"","1","StudioCMSDevAppsSchema should parse config: {""endpoint"":""https://example.com"",""verbose"":true,""appsConfig"":{""wpImporter"":{""endpoint"":""https://example.com/wp-json/wp/v2""}}}","@studiocms/devapps Package Tests","Tue Jan 06 05:24:29 UTC 2026","passed","Tue Jan 06 05:24:29 UTC 2026","StudioCMSDevAppsSchema Tests","Schema Validation Tests","",""
"","6","Schema test case #1 | Current Schema: StudioCMSColorway","studiocms Package Tests","Tue Jan 06 05:24:25 UTC 2026","passed","Tue Jan 06 05:24:25 UTC 2026","Schema Tests","Plugins Schemas tests (Shared)","",""
"","2","User Module - verifyUsernameInput Tests","@withstudiocms/auth-kit Package Tests","Tue Jan 06 05:24:05 UTC 2026","passed","Tue Jan 06 05:24:05 UTC 2026","verifyUsernameInput Tests","User Module Tests","",""
"","2","dynamicSitemap returns an AstroIntegration object","studiocms Package Tests","Tue Jan 06 05:24:57 UTC 2026","passed","Tue Jan 06 05:24:57 UTC 2026","dynamicSitemap integration object test","Dynamic Sitemap Integration and Utils","",""
"","1","Mocking globalThis","@studiocms/html Package Tests","Tue Jan 06 05:24:37 UTC 2026","passed","Tue Jan 06 05:24:37 UTC 2026","globalThis Mocking Tests","Shared Module Tests","",""
"","4","WYSIWYG Editor Component Test Case #2","@studiocms/wysiwyg Package Tests","Tue Jan 06 05:24:52 UTC 2026","passed","Tue Jan 06 05:24:52 UTC 2026","WYSIWYG Editor Component Tests","StudioCMS WYSIWYG Plugin Tests","",""
"","5","Const: FAVICON_ASSETS.png.light","studiocms Package Tests","Tue Jan 06 05:24:11 UTC 2026","passed","Tue Jan 06 05:24:11 UTC 2026","Const: FAVICON_ASSETS.png.light","consts.ts tests","",""
"","4","getBlogRoute('my-post') should return '/blog/my-post'","@studiocms/blog Package Tests","Tue Jan 06 05:24:40 UTC 2026","passed","Tue Jan 06 05:24:40 UTC 2026","getBlogRoute Tests","remapFilter Utility Tests","",""
"","0","TemplateParser - Should return false when no variables exist (2)","@withstudiocms/template-lang Package Tests","Tue Jan 06 05:23:59 UTC 2026","passed","Tue Jan 06 05:23:59 UTC 2026","TemplateParser - Should return false when no variables exist (2)","TemplateParser Tests","",""
"","1","HeadConfigSchema - mergeHead overwrites by new head","@withstudiocms/internal_helpers Package Tests","Tue Jan 06 05:24:07 UTC 2026","passed","Tue Jan 06 05:24:07 UTC 2026","HeadConfigSchema - mergeHead overwrites by new head","HeadConfigSchema Tests","",""
"","2","warn logs when verbose is false","@withstudiocms/internal_helpers Package Tests","Tue Jan 06 05:23:58 UTC 2026","passed","Tue Jan 06 05:23:58 UTC 2026","integrationLogger - warn method","Astro Integration Utility Tests","",""
"","0","StatusSchema should validate value: ""draft""","@studiocms/devapps Package Tests","Tue Jan 06 05:24:00 UTC 2026","passed","Tue Jan 06 05:24:00 UTC 2026","StatusSchema Tests","WordPress API Schema Tests","",""
"","18","Components Container tests - OAuthButtonStack component","studiocms Package Tests","Tue Jan 06 05:24:41 UTC 2026","passed","Tue Jan 06 05:24:41 UTC 2026","Components Container tests - OAuthButtonStack component","Components Container tests","",""
"","1","User Module - createOAuthUser returns a user object","@withstudiocms/auth-kit Package Tests","Tue Jan 06 05:24:05 UTC 2026","passed","Tue Jan 06 05:24:05 UTC 2026","createOAuthUser Tests","User Module Tests","",""
"","2","buildVirtualConfig - should inject options into config stub","studiocms Package Tests","Tue Jan 06 05:24:17 UTC 2026","passed","Tue Jan 06 05:24:17 UTC 2026","buildVirtualConfig test","Virtual Module Utils tests","",""
"","1","Const: routesDir.sdk","studiocms Package Tests","Tue Jan 06 05:24:11 UTC 2026","passed","Tue Jan 06 05:24:11 UTC 2026","Const: routesDir.sdk","consts.ts tests","",""
"","22","Scrypt - Integration Test: Complete Application Flow","@withstudiocms/effect Package Tests","Tue Jan 06 05:24:00 UTC 2026","passed","Tue Jan 06 05:24:01 UTC 2026","Integration Tests","Scrypt Service Tests","",""
"","5","Editor with empty content","@studiocms/markdoc Package Tests","Tue Jan 06 05:24:31 UTC 2026","passed","Tue Jan 06 05:24:31 UTC 2026","Editor Component Tests","Editor Component Tests","",""
"","1","StatusSchema should reject invalid value: ""inactive""","@studiocms/devapps Package Tests","Tue Jan 06 05:24:00 UTC 2026","passed","Tue Jan 06 05:24:00 UTC 2026","StatusSchema Tests","WordPress API Schema Tests","",""
"","1","getCookie should return correct cookie value","studiocms Package Tests","Tue Jan 06 05:24:35 UTC 2026","passed","Tue Jan 06 05:24:35 UTC 2026","getCookie tests","oAuthUtils tests","",""
"","0","TemplateParser - Should handle duplicate variables","@withstudiocms/template-lang Package Tests","Tue Jan 06 05:23:59 UTC 2026","passed","Tue Jan 06 05:23:59 UTC 2026","TemplateParser - Should handle duplicate variables","TemplateParser Tests","",""
"","1","getEnabledNotificationCheckboxes - should ignore unknown keys in FormData","studiocms Package Tests","Tue Jan 06 05:24:33 UTC 2026","passed","Tue Jan 06 05:24:33 UTC 2026","getEnabledNotificationCheckboxes ignore unknown keys test","Notifier Client Virtual tests","",""
"","0","Middleware - handlerFilter","@withstudiocms/effect Package Tests","Tue Jan 06 05:24:21 UTC 2026","passed","Tue Jan 06 05:24:21 UTC 2026","handlerFilter Tests","Middleware Utility Tests","",""
"","1","verifyUserPermissionLevel('editor', 'editor') should return true","studiocms Package Tests","Tue Jan 06 05:25:05 UTC 2026","passed","Tue Jan 06 05:25:05 UTC 2026","verifyUserPermissionLevel('editor', 'editor') should return true","UserQuickTools Virtual Script tests","",""
"","0","isFaviconExt should return true for valid extension","@studiocms/blog Package Tests","Tue Jan 06 05:24:21 UTC 2026","passed","Tue Jan 06 05:24:21 UTC 2026","isFaviconExt Function Tests","Type Definitions Tests","",""
"","3","cloudinaryImageService - should call definePlugin with correct configuration","@studiocms/cloudinary-image-service Package Tests","Tue Jan 06 05:24:15 UTC 2026","passed","Tue Jan 06 05:24:15 UTC 2026","Define Plugin Tests","Cloudinary Image Service Plugin Tests","",""
"","8","Config Loader - importBundledFile","@withstudiocms/config-utils Package Tests","Tue Jan 06 05:24:06 UTC 2026","passed","Tue Jan 06 05:24:06 UTC 2026","importBundledFile Tests","Config Loader Tests","",""
"","61","Scrypt - Service Tests - Should derive keys correctly","@withstudiocms/effect Package Tests","Tue Jan 06 05:24:01 UTC 2026","passed","Tue Jan 06 05:24:01 UTC 2026","ScryptService Tests","Scrypt Service Tests","",""
"","0","PostFormatSchema should validate value: ""status""","@studiocms/devapps Package Tests","Tue Jan 06 05:24:00 UTC 2026","passed","Tue Jan 06 05:24:00 UTC 2026","PostFormatSchema Tests","WordPress API Schema Tests","",""
"","1","v1RestRoute('likes') should return '/studiocms_api/rest/v1/likes'","studiocms Package Tests","Tue Jan 06 05:24:33 UTC 2026","passed","Tue Jan 06 05:24:33 UTC 2026","v1RestRoute test","Make API Route Virtual tests","",""
"","2","Watcher Utils - findConfig Tests","@withstudiocms/config-utils Package Tests","Tue Jan 06 05:24:42 UTC 2026","passed","Tue Jan 06 05:24:42 UTC 2026","findConfig Test Set","Watcher Utility Tests","",""
"","5","Errors - toComponentProxyError - Handle undefined error gracefully","@withstudiocms/component-registry Package Tests","Tue Jan 06 05:24:20 UTC 2026","passed","Tue Jan 06 05:24:20 UTC 2026","toComponentProxyError Tests","Error Tests","",""
"","0","TemplateParser - Should return empty array for no variables","@withstudiocms/template-lang Package Tests","Tue Jan 06 05:23:59 UTC 2026","passed","Tue Jan 06 05:23:59 UTC 2026","TemplateParser - Should return empty array for no variables","TemplateParser Tests","",""
"","1","Post - should validate complete post data","@studiocms/devapps Package Tests","Tue Jan 06 05:24:00 UTC 2026","passed","Tue Jan 06 05:24:00 UTC 2026","Post Schema Tests","WordPress API Schema Tests","",""
"","2","developerConfigSchema invalid data test case #1","studiocms Package Tests","Tue Jan 06 05:24:56 UTC 2026","passed","Tue Jan 06 05:24:56 UTC 2026","developerConfigSchema tests","Config Schemas tests (Developer)","",""
"","0","Schema Invalid Input Test #2","@studiocms/html Package Tests","Tue Jan 06 05:24:47 UTC 2026","passed","Tue Jan 06 05:24:47 UTC 2026","Schema Invalid Input Tests","HTMLSchema Type Tests","",""
"","1","Post - should reject post data with invalid format","@studiocms/devapps Package Tests","Tue Jan 06 05:24:00 UTC 2026","passed","Tue Jan 06 05:24:00 UTC 2026","Post Schema Tests","WordPress API Schema Tests","",""
"","0","pathGenerator('', 'https://example.com') should create correct path builder","@studiocms/devapps Package Tests","Tue Jan 06 05:24:22 UTC 2026","passed","Tue Jan 06 05:24:22 UTC 2026","pathGenerator Tests","pathGenerator Utility Function Tests","",""
"","4","AuthKitConfig - AuthKitConfig creates correct config object","@withstudiocms/auth-kit Package Tests","Tue Jan 06 05:24:11 UTC 2026","passed","Tue Jan 06 05:24:11 UTC 2026","AuthKitConfig Tests","Config Tests","",""
"","1","toUpperKeyword correctly uppercases SQL keyword ""update""","@withstudiocms/kysely Package Tests","Tue Jan 06 05:24:16 UTC 2026","passed","Tue Jan 06 05:24:16 UTC 2026","toUpperKeyword Utility","Trigger Utilities","",""
"","17","WYSIWYG Grapes CSS Route Tests","@studiocms/wysiwyg Package Tests","Tue Jan 06 05:24:50 UTC 2026","passed","Tue Jan 06 05:24:50 UTC 2026","Grapes CSS Route Tests","WYSIWYG Grapes CSS Route Tests","",""
"","1","generateHostContent returns empty string for host: true","studiocms Package Tests","Tue Jan 06 05:24:09 UTC 2026","passed","Tue Jan 06 05:24:09 UTC 2026","generateHostContent tests","Robots Core Utils","",""
"","11","should render simple MDX content","@studiocms/mdx Package Tests","Tue Jan 06 05:24:07 UTC 2026","passed","Tue Jan 06 05:24:07 UTC 2026","MDX Rendering Tests","renderMDX Function Tests","",""
"","0","firstUpperCase('αβγ') should return 'Αβγ'","@studiocms/wysiwyg Package Tests","Tue Jan 06 05:24:37 UTC 2026","passed","Tue Jan 06 05:24:37 UTC 2026","firstUpperCase Function Tests","Utils Tests","",""
"","4","Plugin Hooks - Validates Hook Functionality","@studiocms/github Package Tests","Tue Jan 06 05:24:34 UTC 2026","passed","Tue Jan 06 05:24:34 UTC 2026","Plugin Hooks Tests","GitHub Plugin Tests","",""
"","0","createURLGenFactory - Dashboard route without path","@withstudiocms/internal_helpers Package Tests","Tue Jan 06 05:24:46 UTC 2026","passed","Tue Jan 06 05:24:46 UTC 2026","createURLGenFactory - Dashboard route without path","createURLGenFactory Tests","",""
"","0","stripLeadingAndTrailingSlashes removes both","@withstudiocms/internal_helpers Package Tests","Tue Jan 06 05:24:10 UTC 2026","passed","Tue Jan 06 05:24:10 UTC 2026","stripLeadingAndTrailingSlashes removes both","Path Generators Tests","",""
"","0","createURLGenFactory - Dashboard route with override","@withstudiocms/internal_helpers Package Tests","Tue Jan 06 05:24:46 UTC 2026","passed","Tue Jan 06 05:24:46 UTC 2026","createURLGenFactory - Dashboard route with override","createURLGenFactory Tests","",""
"","1","Errors - ComponentProxyError - Inherit from AstroError","@withstudiocms/component-registry Package Tests","Tue Jan 06 05:24:20 UTC 2026","passed","Tue Jan 06 05:24:20 UTC 2026","ComponentProxyError Tests","Error Tests","",""
"","0","Utility - convertHyphensToUnderscores converts ""---"" to ""___""","@withstudiocms/component-registry Package Tests","Tue Jan 06 05:24:04 UTC 2026","passed","Tue Jan 06 05:24:04 UTC 2026","convertHyphensToUnderscores Tests","Utility Tests","",""
"","97","HTTPClient provides a retrying HttpClient instance","@withstudiocms/effect Package Tests","Tue Jan 06 05:24:41 UTC 2026","passed","Tue Jan 06 05:24:42 UTC 2026","HTTPClient Tests","Effect Utility Tests","",""
"","1","pluginLogger forks logger with correct label for id ""test-plugin""","@withstudiocms/internal_helpers Package Tests","Tue Jan 06 05:23:58 UTC 2026","passed","Tue Jan 06 05:23:58 UTC 2026","pluginLogger - id: test-plugin","Astro Integration Utility Tests","",""
"","0","ensureLeadingAndTrailingSlashes adds both slashes","@withstudiocms/internal_helpers Package Tests","Tue Jan 06 05:24:10 UTC 2026","passed","Tue Jan 06 05:24:10 UTC 2026","ensureLeadingAndTrailingSlashes adds both slashes","Path Generators Tests","",""
"","1","CheckIfUnsafe.password - should return true for password ""password""","@withstudiocms/auth-kit Package Tests","Tue Jan 06 05:24:58 UTC 2026","passed","Tue Jan 06 05:24:58 UTC 2026","CheckIfUnsafe.password Tests","CheckIfUnsafe Tests","",""
"","0","should produce consistent results between resolve and resolveURL","@withstudiocms/internal_helpers Package Tests","Tue Jan 06 05:24:10 UTC 2026","passed","Tue Jan 06 05:24:10 UTC 2026","should produce consistent results between resolve and resolveURL","Path Resolver Tests","",""
"","53","UserQuickTools toggles menu open/close on click","studiocms Package Tests","Tue Jan 06 05:25:05 UTC 2026","passed","Tue Jan 06 05:25:05 UTC 2026","menu toggles open/close on click","UserQuickTools Virtual Script tests","",""
"","0","Middleware - handlerFilter","@withstudiocms/effect Package Tests","Tue Jan 06 05:24:21 UTC 2026","passed","Tue Jan 06 05:24:21 UTC 2026","handlerFilter Tests","Middleware Utility Tests","",""
"","0","should reject invalid favicon extension: /favicon.txt","@studiocms/blog Package Tests","Tue Jan 06 05:24:21 UTC 2026","passed","Tue Jan 06 05:24:21 UTC 2026","FrontEndConfigSchema Favicon Tests","Type Definitions Tests","",""
"","2","Zod Utils - parseAndMerge Tests","@withstudiocms/config-utils Package Tests","Tue Jan 06 05:24:28 UTC 2026","passed","Tue Jan 06 05:24:28 UTC 2026","parseAndMerge Test Set","Zod Utility Tests","",""
"","0","OpenClosedSchema should validate value: ""closed""","@studiocms/devapps Package Tests","Tue Jan 06 05:24:00 UTC 2026","passed","Tue Jan 06 05:24:00 UTC 2026","OpenClosedSchema Tests","WordPress API Schema Tests","",""
"","0","OpenClosedSchema should reject invalid value: ""inactive""","@studiocms/devapps Package Tests","Tue Jan 06 05:24:00 UTC 2026","passed","Tue Jan 06 05:24:00 UTC 2026","OpenClosedSchema Tests","WordPress API Schema Tests","",""
"","0","Utility - convertHyphensToUnderscores converts ""helloworld"" to ""helloworld""","@withstudiocms/component-registry Package Tests","Tue Jan 06 05:24:04 UTC 2026","passed","Tue Jan 06 05:24:04 UTC 2026","convertHyphensToUnderscores Tests","Utility Tests","",""
"","1","should reject invalid favicon extension: /favicon.bmp","@studiocms/blog Package Tests","Tue Jan 06 05:24:21 UTC 2026","passed","Tue Jan 06 05:24:21 UTC 2026","FrontEndConfigSchema Favicon Tests","Type Definitions Tests","",""
"","4","Hooks Functionality - Validates Hook Implementations","@studiocms/google Package Tests","Tue Jan 06 05:24:27 UTC 2026","passed","Tue Jan 06 05:24:27 UTC 2026","Hooks Functionality Tests","Google Plugin Tests","",""
"","0","Const: currentRESTAPIVersions","studiocms Package Tests","Tue Jan 06 05:24:11 UTC 2026","passed","Tue Jan 06 05:24:11 UTC 2026","Const: currentRESTAPIVersions","consts.ts tests","",""
"","0","pathGenerator('/api/', 'https://example.com/') should create correct path builder","@studiocms/devapps Package Tests","Tue Jan 06 05:24:22 UTC 2026","passed","Tue Jan 06 05:24:22 UTC 2026","pathGenerator Tests","pathGenerator Utility Function Tests","",""
"","0","firstUpperCase('WORLD') should return 'WORLD'","@studiocms/wysiwyg Package Tests","Tue Jan 06 05:24:37 UTC 2026","passed","Tue Jan 06 05:24:37 UTC 2026","firstUpperCase Function Tests","Utils Tests","",""
"","10","Components Container tests - SSRUser component","studiocms Package Tests","Tue Jan 06 05:24:41 UTC 2026","passed","Tue Jan 06 05:24:41 UTC 2026","Components Container tests - SSRUser component","Components Container tests","",""
"","0","ensureLeadingSlash adds slash if missing","@withstudiocms/internal_helpers Package Tests","Tue Jan 06 05:24:10 UTC 2026","passed","Tue Jan 06 05:24:10 UTC 2026","ensureLeadingSlash adds slash if missing","Path Generators Tests","",""
"","1","Utility - integrationLogger logs at warn when verbose is true","@withstudiocms/component-registry Package Tests","Tue Jan 06 05:24:04 UTC 2026","passed","Tue Jan 06 05:24:04 UTC 2026","integrationLogger Tests","Utility Tests","",""
"","1","PostFormatSchema should reject invalid value: ""custom""","@studiocms/devapps Package Tests","Tue Jan 06 05:24:00 UTC 2026","passed","Tue Jan 06 05:24:00 UTC 2026","PostFormatSchema Tests","WordPress API Schema Tests","",""
"","0","remapFilterSitemap should return correct locations for filter 'blog'","@studiocms/blog Package Tests","Tue Jan 06 05:24:40 UTC 2026","passed","Tue Jan 06 05:24:40 UTC 2026","remapFilterSitemap Various Cases","remapFilter Utility Tests","",""
"","1","Utility - integrationLogger does not log info/debug when verbose is false for logLevel info","@withstudiocms/component-registry Package Tests","Tue Jan 06 05:24:04 UTC 2026","passed","Tue Jan 06 05:24:04 UTC 2026","integrationLogger Tests","Utility Tests","",""
"","1","safeString test case #2","studiocms Package Tests","Tue Jan 06 05:24:57 UTC 2026","passed","Tue Jan 06 05:24:57 UTC 2026","safeString tests","Dynamic Sitemap Integration and Utils","",""
"","1","should set correct favicon type for .png","studiocms Package Tests","Tue Jan 06 05:24:33 UTC 2026","passed","Tue Jan 06 05:24:33 UTC 2026","headDefaults test","Head Defaults Virtual tests","",""
"","0","Middleware - sortByPriority","@withstudiocms/effect Package Tests","Tue Jan 06 05:24:21 UTC 2026","passed","Tue Jan 06 05:24:21 UTC 2026","sortByPriority Tests","Middleware Utility Tests","",""
"","0","replaceCodePoint with input: 153","@withstudiocms/component-registry Package Tests","Tue Jan 06 05:24:48 UTC 2026","passed","Tue Jan 06 05:24:48 UTC 2026","replaceCodePoint Tests","Component Proxy Tests","",""
"","1","TimeStringSchema invalid format test case #2","studiocms Package Tests","Tue Jan 06 05:24:22 UTC 2026","passed","Tue Jan 06 05:24:22 UTC 2026","TimeStringSchema tests","Config Schemas tests (SDK)","",""
"","2","Should return original src when image processing throws an error","@studiocms/cloudinary-image-service Package Tests","Tue Jan 06 05:24:02 UTC 2026","passed","Tue Jan 06 05:24:02 UTC 2026","Image URL Generation Tests","Cloudinary Image Service - Image URL Generation Tests","",""
"","4","SMTPService - SMTPTransportConfig Should Create Live Layer","@withstudiocms/effect Package Tests","Tue Jan 06 05:24:05 UTC 2026","passed","Tue Jan 06 05:24:05 UTC 2026","SMTPTransportConfig Tests","SMTP Service Tests","",""
"","0","decodeHTMLAttribute with input: Tom &amp; Jerry","@withstudiocms/component-registry Package Tests","Tue Jan 06 05:24:15 UTC 2026","passed","Tue Jan 06 05:24:15 UTC 2026","decodeHTMLAttribute Tests","Component Proxy Tests","",""
"","1","Plugin Hooks - Persists Custom Options to shared.htmlConfig","@studiocms/html Package Tests","Tue Jan 06 05:24:10 UTC 2026","passed","Tue Jan 06 05:24:10 UTC 2026","Plugin Hooks Custom Options Tests","studiocmsHTML Plugin Tests","",""
"","0","TemplateEngine - Should handle templates with no variables","@withstudiocms/template-lang Package Tests","Tue Jan 06 05:23:59 UTC 2026","passed","Tue Jan 06 05:23:59 UTC 2026","TemplateEngine - Should handle templates with no variables","TemplateEngine Tests","",""
"","1","PostFormatSchema should reject invalid value: ""undefined""","@studiocms/devapps Package Tests","Tue Jan 06 05:24:00 UTC 2026","passed","Tue Jan 06 05:24:00 UTC 2026","PostFormatSchema Tests","WordPress API Schema Tests","",""
"","1","validateUrl passes for valid sitemap url: http://example.com/sitemap.txt","studiocms Package Tests","Tue Jan 06 05:24:09 UTC 2026","passed","Tue Jan 06 05:24:09 UTC 2026","validateUrl valid sitemap url tests","Robots Core Utils","",""
"","3","PageList renders correctly with no blog posts","@studiocms/blog Package Tests","Tue Jan 06 05:24:09 UTC 2026","passed","Tue Jan 06 05:24:09 UTC 2026","PageList Component Tests","Component Tests","",""
"","1","getLatestVersion - Handles write errors gracefully","@withstudiocms/internal_helpers Package Tests","Tue Jan 06 05:23:58 UTC 2026","passed","Tue Jan 06 05:23:58 UTC 2026","getLatestVersion - Handles write errors gracefully","Astro Integration Utility Tests","",""
"","0","ensureLeadingSlash('/hello/world') should return '/hello/world'","@studiocms/devapps Package Tests","Tue Jan 06 05:24:22 UTC 2026","passed","Tue Jan 06 05:24:22 UTC 2026","ensureLeadingSlash Tests","pathGenerator Utility Function Tests","",""
"","4","Plugin Hooks - Validates Hook Functionality","@studiocms/discord Package Tests","Tue Jan 06 05:24:28 UTC 2026","passed","Tue Jan 06 05:24:28 UTC 2026","Plugin Hooks Tests","Discord Plugin Tests","",""
"","1","should handle complex nested JSON structures","@studiocms/cloudinary-image-service Package Tests","Tue Jan 06 05:24:22 UTC 2026","passed","Tue Jan 06 05:24:22 UTC 2026","readJson Functionality Tests","readJson Utility Function Tests","",""
"","0","Const: FAVICON_ASSETS.svg","studiocms Package Tests","Tue Jan 06 05:24:11 UTC 2026","passed","Tue Jan 06 05:24:11 UTC 2026","Const: FAVICON_ASSETS.svg","consts.ts tests","",""
"","21","measureExecutionTime test case #3","studiocms Package Tests","Tue Jan 06 05:24:45 UTC 2026","passed","Tue Jan 06 05:24:46 UTC 2026","measureExecutionTime test cases","Robots Utils","",""
"","12","ComponentRegistry - validateProps - missing optional props","@withstudiocms/component-registry Package Tests","Tue Jan 06 05:24:01 UTC 2026","passed","Tue Jan 06 05:24:01 UTC 2026","validateProps Tests","Component Registry Tests","",""
"","1","should generate sorted languageSelectorOptions","studiocms Package Tests","Tue Jan 06 05:24:43 UTC 2026","passed","Tue Jan 06 05:24:43 UTC 2026","languageSelectorOptions tests","i18n Config tests","",""
"","1","isDashboardRoute('/profile', '/dashboard') should return false","studiocms Package Tests","Tue Jan 06 05:25:05 UTC 2026","passed","Tue Jan 06 05:25:05 UTC 2026","isDashboardRoute('/profile', '/dashboard') should return false","UserQuickTools Virtual Script tests","",""
"","0","getBlogRoute('foo/bar/baz') should return '/blog/foo/bar/baz'","@studiocms/blog Package Tests","Tue Jan 06 05:24:40 UTC 2026","passed","Tue Jan 06 05:24:40 UTC 2026","getBlogRoute Tests","remapFilter Utility Tests","",""
"","1","ProcessedSDKSchema test case #1","studiocms Package Tests","Tue Jan 06 05:24:22 UTC 2026","passed","Tue Jan 06 05:24:22 UTC 2026","ProcessedSDKSchema tests","Config Schemas tests (SDK)","",""
"","1","validateHost throws for invalid host: invalid_host","studiocms Package Tests","Tue Jan 06 05:24:09 UTC 2026","passed","Tue Jan 06 05:24:09 UTC 2026","validateHost invalid host tests","Robots Core Utils","",""
"","6","should generate Cloudinary URL for local image","@studiocms/cloudinary-image-service Package Tests","Tue Jan 06 05:24:02 UTC 2026","passed","Tue Jan 06 05:24:02 UTC 2026","Image URL Generation Tests","Cloudinary Image Service - Image URL Generation Tests","",""
"","0","replaceCodePoint with input: 65","@withstudiocms/component-registry Package Tests","Tue Jan 06 05:24:15 UTC 2026","passed","Tue Jan 06 05:24:15 UTC 2026","replaceCodePoint Tests","Component Proxy Tests","",""
"","0","Utility - dedent correctly dedents input","@withstudiocms/component-registry Package Tests","Tue Jan 06 05:24:04 UTC 2026","passed","Tue Jan 06 05:24:04 UTC 2026","dedent Tests","Utility Tests","",""
"","2","Deepmerge - Effect Service - merges nested objects deeply","@withstudiocms/effect Package Tests","Tue Jan 06 05:24:30 UTC 2026","passed","Tue Jan 06 05:24:30 UTC 2026","Deepmerge Effect Service Tests","Deepmerge Utility Tests","",""
"","1","generateSitemapContent returns correct sitemap lines for config.sitemap: true","studiocms Package Tests","Tue Jan 06 05:24:09 UTC 2026","passed","Tue Jan 06 05:24:09 UTC 2026","generateSitemapContent tests","Robots Core Utils","",""
"","1","SDKCacheSchema test case #1","studiocms Package Tests","Tue Jan 06 05:24:22 UTC 2026","passed","Tue Jan 06 05:24:22 UTC 2026","SDKCacheSchema tests","Config Schemas tests (SDK)","",""
"","2","should add CloudinaryENVIntegration","@studiocms/cloudinary-image-service Package Tests","Tue Jan 06 05:24:15 UTC 2026","passed","Tue Jan 06 05:24:15 UTC 2026","Astro Integration Tests","Cloudinary Image Service Plugin Tests","",""
"","1","Deepmerge - respects custom options for merging arrays","@withstudiocms/effect Package Tests","Tue Jan 06 05:24:30 UTC 2026","passed","Tue Jan 06 05:24:30 UTC 2026","deepmerge Effect Tests","Deepmerge Utility Tests","",""
"","1","StudioCMSRoutes.mainLinks.userManagementEdit should be defined","studiocms Package Tests","Tue Jan 06 05:24:28 UTC 2026","passed","Tue Jan 06 05:24:28 UTC 2026","StudioCMSRoutes.mainLinks.userManagementEdit test","Route Map Virtual tests","",""
"","1","Schema test case #5 | Current Schema: FieldSchema","studiocms Package Tests","Tue Jan 06 05:24:25 UTC 2026","passed","Tue Jan 06 05:24:25 UTC 2026","Schema Tests","Plugins Schemas tests (Shared)","",""
"","4","Virtual Components Container tests - Renderer (no content) component","studiocms Package Tests","Tue Jan 06 05:24:57 UTC 2026","passed","Tue Jan 06 05:24:57 UTC 2026","Virtual Components Container tests - Renderer (no content) component","Virtual Components Container tests","",""
"","1","validateUrl passes for valid sitemap url: https://example.com/sitemap.xml","studiocms Package Tests","Tue Jan 06 05:24:09 UTC 2026","passed","Tue Jan 06 05:24:09 UTC 2026","validateUrl valid sitemap url tests","Robots Core Utils","",""
"","3","SMTPService - Should initialize with proxy config","@withstudiocms/effect Package Tests","Tue Jan 06 05:24:05 UTC 2026","passed","Tue Jan 06 05:24:05 UTC 2026","SMTPService Initialization Tests","SMTP Service Tests","",""
"","0","TemplateParser - Should return false when variables exist (2)","@withstudiocms/template-lang Package Tests","Tue Jan 06 05:23:59 UTC 2026","passed","Tue Jan 06 05:23:59 UTC 2026","TemplateParser - Should return false when variables exist (2)","TemplateParser Tests","",""
"","1","StatusSchema should validate value: ""publish""","@studiocms/devapps Package Tests","Tue Jan 06 05:24:00 UTC 2026","passed","Tue Jan 06 05:24:00 UTC 2026","StatusSchema Tests","WordPress API Schema Tests","",""
"","5","TimeStringSchema test case #1","studiocms Package Tests","Tue Jan 06 05:24:22 UTC 2026","passed","Tue Jan 06 05:24:22 UTC 2026","TimeStringSchema tests","Config Schemas tests (SDK)","",""
"","2","PostFormatSchema should reject invalid value: ""invalid""","@studiocms/devapps Package Tests","Tue Jan 06 05:24:00 UTC 2026","passed","Tue Jan 06 05:24:00 UTC 2026","PostFormatSchema Tests","WordPress API Schema Tests","",""
"","0","decodeHTML with input: foo &amp; bar","@withstudiocms/component-registry Package Tests","Tue Jan 06 05:24:15 UTC 2026","passed","Tue Jan 06 05:24:15 UTC 2026","decodeHTML Tests","Component Proxy Tests","",""
"","7","Scrypt - Service Tests - Should work with scrypt parameters N:2048, r:8, p:1","@withstudiocms/effect Package Tests","Tue Jan 06 05:24:01 UTC 2026","passed","Tue Jan 06 05:24:01 UTC 2026","ScryptService Tests","Scrypt Service Tests","",""
"","0","fromCodePoint with input: 119558","@withstudiocms/component-registry Package Tests","Tue Jan 06 05:24:48 UTC 2026","passed","Tue Jan 06 05:24:48 UTC 2026","fromCodePoint Tests","Component Proxy Tests","",""
"","1","Const: routesDir.errors","studiocms Package Tests","Tue Jan 06 05:24:11 UTC 2026","passed","Tue Jan 06 05:24:11 UTC 2026","Const: routesDir.errors","consts.ts tests","",""
"","7","should generate default head tags with required fields","studiocms Package Tests","Tue Jan 06 05:24:33 UTC 2026","passed","Tue Jan 06 05:24:33 UTC 2026","headDefaults test","Head Defaults Virtual tests","",""
"","1","Handling Multiple Imports","@studiocms/html Package Tests","Tue Jan 06 05:24:37 UTC 2026","passed","Tue Jan 06 05:24:37 UTC 2026","Multiple Imports Tests","Shared Module Tests","",""
"","11","TryCatch - Functionality Tests","@withstudiocms/config-utils Package Tests","Tue Jan 06 05:24:53 UTC 2026","passed","Tue Jan 06 05:24:53 UTC 2026","Functionality Test Set","TryCatch Tests","",""
"","1","AppsConfigSchema should reject invalid config: {""wpImporter"":123}","@studiocms/devapps Package Tests","Tue Jan 06 05:24:29 UTC 2026","passed","Tue Jan 06 05:24:29 UTC 2026","AppsConfigSchema Tests","Schema Validation Tests","",""
"","0","getHeroImage('hero.png', Astro) should return 'hero.png'","@studiocms/blog Package Tests","Tue Jan 06 05:24:37 UTC 2026","passed","Tue Jan 06 05:24:37 UTC 2026","getHeroImage Tests","Component Helper Tests","",""
"","0","isFaviconExt should return true for valid extension","@studiocms/blog Package Tests","Tue Jan 06 05:24:21 UTC 2026","passed","Tue Jan 06 05:24:21 UTC 2026","isFaviconExt Function Tests","Type Definitions Tests","",""
"","1","Const: routesDir.middleware","studiocms Package Tests","Tue Jan 06 05:24:11 UTC 2026","passed","Tue Jan 06 05:24:11 UTC 2026","Const: routesDir.middleware","consts.ts tests","",""
"","0","PostFormatSchema should validate value: """"","@studiocms/devapps Package Tests","Tue Jan 06 05:24:00 UTC 2026","passed","Tue Jan 06 05:24:00 UTC 2026","PostFormatSchema Tests","WordPress API Schema Tests","",""
"","3","Render with MDX content including JSX","@studiocms/mdx Package Tests","Tue Jan 06 05:24:45 UTC 2026","passed","Tue Jan 06 05:24:45 UTC 2026","Render Tests","MDX Editor Component Tests","",""
"","2922","Launch dev server and verify config","@withstudiocms/component-registry Package Tests","Tue Jan 06 05:24:45 UTC 2026","passed","Tue Jan 06 05:24:48 UTC 2026","Dev Server Tests","Astro Integration Tests","",""
"","1","developerConfigSchema invalid data test case #3","studiocms Package Tests","Tue Jan 06 05:24:56 UTC 2026","passed","Tue Jan 06 05:24:56 UTC 2026","developerConfigSchema tests","Config Schemas tests (Developer)","",""
"","0","PostFormatSchema should validate value: ""link""","@studiocms/devapps Package Tests","Tue Jan 06 05:24:00 UTC 2026","passed","Tue Jan 06 05:24:00 UTC 2026","PostFormatSchema Tests","WordPress API Schema Tests","",""
"","7","Plugin Hooks - Validates Hook Implementations and Behaviors","@studiocms/mdx Package Tests","Tue Jan 06 05:24:20 UTC 2026","passed","Tue Jan 06 05:24:20 UTC 2026","Plugin Hooks Tests","studiocmsMDX Plugin Tests","",""
"","0","firstUpperCase('wOrLd') should return 'WOrLd'","@studiocms/wysiwyg Package Tests","Tue Jan 06 05:24:37 UTC 2026","passed","Tue Jan 06 05:24:37 UTC 2026","firstUpperCase Function Tests","Utils Tests","",""
"","1","generateSitemapContent throws for config.sitemap as boolean false","studiocms Package Tests","Tue Jan 06 05:24:09 UTC 2026","passed","Tue Jan 06 05:24:09 UTC 2026","generateSitemapContent false sitemap test","Robots Core Utils","",""
"","0","WYSIWYGSchema Invalid Test Case #5","@studiocms/wysiwyg Package Tests","Tue Jan 06 05:24:35 UTC 2026","passed","Tue Jan 06 05:24:35 UTC 2026","WYSIWYGSchema Invalid Input Tests","WYSIWYG Types Tests","",""
"","1","Password Utility - verifySafe - should return ""undefined"" for input ""uniquepassword123""","@withstudiocms/auth-kit Package Tests","Tue Jan 06 05:24:25 UTC 2026","passed","Tue Jan 06 05:24:25 UTC 2026","verifySafe Tests","Password Utility Tests","",""
"","1","should accept valid favicon extension: /favicon.gif","@studiocms/blog Package Tests","Tue Jan 06 05:24:21 UTC 2026","passed","Tue Jan 06 05:24:21 UTC 2026","FrontEndConfigSchema Favicon Tests","Type Definitions Tests","",""
"","0","stripLeadingAndTrailingSlashes removes both","@withstudiocms/internal_helpers Package Tests","Tue Jan 06 05:24:10 UTC 2026","passed","Tue Jan 06 05:24:10 UTC 2026","stripLeadingAndTrailingSlashes removes both","Path Generators Tests","",""
"","1","StudioCMSRoutes.mainLinks.contentManagementFolderEdit should be defined","studiocms Package Tests","Tue Jan 06 05:24:27 UTC 2026","passed","Tue Jan 06 05:24:27 UTC 2026","StudioCMSRoutes.mainLinks.contentManagementFolderEdit test","Route Map Virtual tests","",""
"","0","TemplateEngine - Should handle multiple variables","@withstudiocms/template-lang Package Tests","Tue Jan 06 05:23:59 UTC 2026","passed","Tue Jan 06 05:23:59 UTC 2026","TemplateEngine - Should handle multiple variables","TemplateEngine Tests","",""
"","5","FALLBACK_OG_IMAGE should be defined and a valid URL","@studiocms/blog Package Tests","Tue Jan 06 05:24:37 UTC 2026","passed","Tue Jan 06 05:24:37 UTC 2026","FALLBACK_OG_IMAGE Tests","Component Helper Tests","",""
"","0","Middleware - handlerFilter","@withstudiocms/effect Package Tests","Tue Jan 06 05:24:21 UTC 2026","passed","Tue Jan 06 05:24:21 UTC 2026","handlerFilter Tests","Middleware Utility Tests","",""
"","0","StatusSchema should validate value: ""private""","@studiocms/devapps Package Tests","Tue Jan 06 05:24:00 UTC 2026","passed","Tue Jan 06 05:24:00 UTC 2026","StatusSchema Tests","WordPress API Schema Tests","",""
"","8","KyselyTableManager handles trigger creation","@withstudiocms/kysely Package Tests","Tue Jan 06 05:24:08 UTC 2026","passed","Tue Jan 06 05:24:08 UTC 2026","KyselyTableManager handles trigger creation","Plugin Utilities","",""
"","4","setLocals - merges general values without overwriting security/plugins","studiocms Package Tests","Tue Jan 06 05:24:18 UTC 2026","passed","Tue Jan 06 05:24:18 UTC 2026","setLocals tests - GENERAL","Middleware Utils tests","",""
"","2","StudioCMSImageService accepts valid props and returns a string","studiocms Package Tests","Tue Jan 06 05:24:26 UTC 2026","passed","Tue Jan 06 05:24:26 UTC 2026","StudioCMSImageService accepts valid props and returns a string","Plugins Schemas tests","",""
"","0","decode - input: plain text","@withstudiocms/component-registry Package Tests","Tue Jan 06 05:24:56 UTC 2026","passed","Tue Jan 06 05:24:56 UTC 2026","decode Tests","Component Proxy Tests","",""
"","1","makeNonDashboardRoute - should return correct route","studiocms Package Tests","Tue Jan 06 05:24:27 UTC 2026","passed","Tue Jan 06 05:24:27 UTC 2026","makeNonDashboardRoute test","Route Map Virtual tests","",""
"","5","KyselyTableManager handles existing tables correctly","@withstudiocms/kysely Package Tests","Tue Jan 06 05:24:08 UTC 2026","passed","Tue Jan 06 05:24:08 UTC 2026","KyselyTableManager handles existing tables correctly","Plugin Utilities","",""
"","0","decode - input: &lt;tag&gt;","@withstudiocms/component-registry Package Tests","Tue Jan 06 05:24:56 UTC 2026","passed","Tue Jan 06 05:24:56 UTC 2026","decode Tests","Component Proxy Tests","",""
"","10","Plugin Creation - Validates Plugin Structure and Options","@studiocms/md Package Tests","Tue Jan 06 05:24:14 UTC 2026","passed","Tue Jan 06 05:24:14 UTC 2026","Plugin Creation Tests","studiocmsMD Plugin Tests","",""
"","9","PluginTester initializes correctly","studiocms Package Tests","Tue Jan 06 05:24:17 UTC 2026","passed","Tue Jan 06 05:24:17 UTC 2026","PluginTester initializes correctly","StudioCMSPluginTester tests","",""
"","1","makePasswordModConfig - clamps SCRYPT_N to nearest lower power of two","@withstudiocms/auth-kit Package Tests","Tue Jan 06 05:24:11 UTC 2026","passed","Tue Jan 06 05:24:11 UTC 2026","makePasswordModConfig Tests","Config Tests","",""
"","0","remapFilterSitemap should return correct locations for filter 'blog'","@studiocms/blog Package Tests","Tue Jan 06 05:24:40 UTC 2026","passed","Tue Jan 06 05:24:40 UTC 2026","remapFilterSitemap Various Cases","remapFilter Utility Tests","",""
"","33","RSSIcon renders correctly","@studiocms/blog Package Tests","Tue Jan 06 05:24:09 UTC 2026","passed","Tue Jan 06 05:24:09 UTC 2026","RSSIcon Component Tests","Component Tests","",""
"","11","getUserPermissions test case #4","studiocms Package Tests","Tue Jan 06 05:24:18 UTC 2026","passed","Tue Jan 06 05:24:18 UTC 2026","getUserPermissions tests","Middleware Utils tests","",""
"","1","Schema test case #11 | Current Schema: DashboardPageSchema","studiocms Package Tests","Tue Jan 06 05:24:25 UTC 2026","passed","Tue Jan 06 05:24:25 UTC 2026","Schema Tests","Plugins Schemas tests (Shared)","",""
"","0","TransformHTML Test Case","@withstudiocms/component-registry Package Tests","Tue Jan 06 05:24:20 UTC 2026","passed","Tue Jan 06 05:24:20 UTC 2026","transformHTML Tests","TransformHTML Tests","",""
"","0","TemplateEngine - Should detect if template has no variables","@withstudiocms/template-lang Package Tests","Tue Jan 06 05:23:59 UTC 2026","passed","Tue Jan 06 05:23:59 UTC 2026","TemplateEngine - Should detect if template has no variables","TemplateEngine Tests","",""
"","1","SDKSchema test case #2","studiocms Package Tests","Tue Jan 06 05:24:22 UTC 2026","passed","Tue Jan 06 05:24:22 UTC 2026","SDKSchema tests","Config Schemas tests (SDK)","",""
"","3","PropsParser - parseComponentProps - parse type alias props","@withstudiocms/component-registry Package Tests","Tue Jan 06 05:24:32 UTC 2026","passed","Tue Jan 06 05:24:32 UTC 2026","parseComponentProps Tests","Props Parser Tests","",""
"","2","Plugin Creation - Validates Error Handling for Invalid Options","@studiocms/html Package Tests","Tue Jan 06 05:24:10 UTC 2026","passed","Tue Jan 06 05:24:10 UTC 2026","Plugin Creation Error Handling Tests","studiocmsHTML Plugin Tests","",""
"","0","WYSIWYGSchema Invalid Test Case #4","@studiocms/wysiwyg Package Tests","Tue Jan 06 05:24:35 UTC 2026","passed","Tue Jan 06 05:24:35 UTC 2026","WYSIWYGSchema Invalid Input Tests","WYSIWYG Types Tests","",""
"","1","StudioCMSRoutes.mainLinks.userProfile should be defined","studiocms Package Tests","Tue Jan 06 05:24:27 UTC 2026","passed","Tue Jan 06 05:24:27 UTC 2026","StudioCMSRoutes.mainLinks.userProfile test","Route Map Virtual tests","",""
"","0","stripLeadingSlash removes leading slash","@withstudiocms/internal_helpers Package Tests","Tue Jan 06 05:24:10 UTC 2026","passed","Tue Jan 06 05:24:10 UTC 2026","stripLeadingSlash removes leading slash","Path Generators Tests","",""
"","34","Render Editor component","@studiocms/md Package Tests","Tue Jan 06 05:25:03 UTC 2026","passed","Tue Jan 06 05:25:03 UTC 2026","Editor component Tests","Editor component Tests","",""
"","21","Buildkit CLI - build command with entry point","@withstudiocms/buildkit Package Tests","Tue Jan 06 05:24:31 UTC 2026","passed","Tue Jan 06 05:24:32 UTC 2026","Buildkit CLI - build command with entry point","CLI Tests","",""
"","5","UserQuickTools custom element registration","studiocms Package Tests","Tue Jan 06 05:25:05 UTC 2026","passed","Tue Jan 06 05:25:05 UTC 2026","custom element registration","UserQuickTools Virtual Script tests","",""
"","6","Plugin Creation - Validates Plugin Structure and Options","@studiocms/html Package Tests","Tue Jan 06 05:24:10 UTC 2026","passed","Tue Jan 06 05:24:10 UTC 2026","Plugin Creation Tests","studiocmsHTML Plugin Tests","",""
"","27","PropsParser - parseComponentProps - parse interface props with JSDoc","@withstudiocms/component-registry Package Tests","Tue Jan 06 05:24:32 UTC 2026","passed","Tue Jan 06 05:24:32 UTC 2026","parseComponentProps Tests","Props Parser Tests","",""
"","1","Schema test case #7 | Current Schema: SettingsFieldSchema","studiocms Package Tests","Tue Jan 06 05:24:25 UTC 2026","passed","Tue Jan 06 05:24:25 UTC 2026","Schema Tests","Plugins Schemas tests (Shared)","",""
"","0","pathWithBase('hello', 'https://example.com') should return 'https://example.com/hello'","@studiocms/devapps Package Tests","Tue Jan 06 05:24:22 UTC 2026","passed","Tue Jan 06 05:24:22 UTC 2026","pathWithBase Tests","pathGenerator Utility Function Tests","",""
"","1","Utility - convertHyphensToUnderscores converts ""hello-world"" to ""hello_world""","@withstudiocms/component-registry Package Tests","Tue Jan 06 05:24:04 UTC 2026","passed","Tue Jan 06 05:24:04 UTC 2026","convertHyphensToUnderscores Tests","Utility Tests","",""
"","0","should work with both Windows and Unix-style paths","@withstudiocms/internal_helpers Package Tests","Tue Jan 06 05:24:10 UTC 2026","passed","Tue Jan 06 05:24:10 UTC 2026","should work with both Windows and Unix-style paths","Path Resolver Tests","",""
"","0","Utility - integrationLogger logs at debug when verbose is true","@withstudiocms/component-registry Package Tests","Tue Jan 06 05:24:04 UTC 2026","passed","Tue Jan 06 05:24:04 UTC 2026","integrationLogger Tests","Utility Tests","",""
"","0","Libravatar Utils - serviceName for domain ""example.com"" with https=false","@withstudiocms/auth-kit Package Tests","Tue Jan 06 05:24:12 UTC 2026","passed","Tue Jan 06 05:24:12 UTC 2026","serviceName Tests","Libravatar Utility Tests","",""
"","5","parses markdown input correctly","studiocms Package Tests","Tue Jan 06 05:24:58 UTC 2026","passed","Tue Jan 06 05:24:58 UTC 2026","parses markdown input correctly","tinyMDParser Utility tests","",""
"","6","Components Container tests - StaticAuthCheck component","studiocms Package Tests","Tue Jan 06 05:24:41 UTC 2026","passed","Tue Jan 06 05:24:41 UTC 2026","Components Container tests - StaticAuthCheck component","Components Container tests","",""
"","2","renderMarkDoc with react-static renderer","@studiocms/markdoc Package Tests","Tue Jan 06 05:24:12 UTC 2026","passed","Tue Jan 06 05:24:12 UTC 2026","renderMarkDoc Function Tests","MarkDoc Render Library Tests","",""
"","14","ComponentRegistry - Integration Tests - multiple components workflow","@withstudiocms/component-registry Package Tests","Tue Jan 06 05:24:01 UTC 2026","passed","Tue Jan 06 05:24:01 UTC 2026","Integration Scenarios","Component Registry Tests","",""
"","0","decodeCodePoint with input: 128 (Deprecated)","@withstudiocms/component-registry Package Tests","Tue Jan 06 05:24:48 UTC 2026","passed","Tue Jan 06 05:24:48 UTC 2026","decodeCodePoint Tests (Deprecated)","Component Proxy Tests","",""
"","6","Buildkit CLI - build command with no entry points","@withstudiocms/buildkit Package Tests","Tue Jan 06 05:24:21 UTC 2026","passed","Tue Jan 06 05:24:21 UTC 2026","Buildkit CLI - build command with no entry points","CLI Tests","",""
"trims leading and trailing underscores","0","convertToSafeString - trims leading and trailing underscores","@withstudiocms/internal_helpers Package Tests","Tue Jan 06 05:24:00 UTC 2026","passed","Tue Jan 06 05:24:00 UTC 2026","convertToSafeString - trims leading and trailing underscores","Utility Functions","",""
"","4","StudioCMSRoutes.authLinks.registerAPI should be defined","studiocms Package Tests","Tue Jan 06 05:24:28 UTC 2026","passed","Tue Jan 06 05:24:28 UTC 2026","StudioCMSRoutes.authLinks.registerAPI test","Route Map Virtual tests","",""
"","1","should handle edge case dimensions: width=0, height=0","@studiocms/cloudinary-image-service Package Tests","Tue Jan 06 05:24:02 UTC 2026","passed","Tue Jan 06 05:24:02 UTC 2026","Image URL Generation Tests","Cloudinary Image Service - Image URL Generation Tests","",""
"","0","replaceCodePoint with input: 8364","@withstudiocms/component-registry Package Tests","Tue Jan 06 05:24:48 UTC 2026","passed","Tue Jan 06 05:24:48 UTC 2026","replaceCodePoint Tests","Component Proxy Tests","",""
"","4","Plugin Creation - Validates Plugin Structure","@studiocms/discord Package Tests","Tue Jan 06 05:24:28 UTC 2026","passed","Tue Jan 06 05:24:28 UTC 2026","Plugin Creation Tests","Discord Plugin Tests","",""
